# pattern 1 mode 1 iters 8 warn 1
# word = {min1n[20:16], min2n[15:11], idx[10:8], sgn[7:0]}, v2c: column 0..7 (masked port = 0)
iter 0 layer 0
  cn  0 word 001d56 | v2c   0  -9  -7   6  -5   0  -4   9
  cn  1 word 0114d3 | v2c   0   3 -10  -9   1  -2   7   4
  cn  2 word 000a25 | v2c   0  -1   0  -1 -15   8  -4 -12
  cn  3 word 000a2f | v2c   0  13   0   3  -2   8  -1  -4
  cn  4 word 001612 | v2c   0  -4  11   8  -2  12   0   4
  cn  5 word 011350 | v2c   0  10   2   1 -11   5  -2   7
  cn  6 word 00122f | v2c   0   9   0   3  -4   9  -6  -6
  cn  7 word 001448 | v2c   0   4   9  -7   0   3  -5   6
  cn  8 word 0211ca | v2c   0  -2   2  -5   3  10  -6  -7
  cn  9 word 0216fa | v2c   0  -6   7  -4  -6  -3  -2  -7
  cn 10 word 000ed3 | v2c   0  13 -10  -7   2  -1   0  12
  cn 11 word 0004f1 | v2c   0  -4  -9  -8   0   4   4   0
  cn 12 word 010a67 | v2c   0   3   1  -7  -1  10   5  -1
  cn 13 word 010a66 | v2c   0  -5  -1   1   2  -4  -3   6
  cn 14 word 0215aa | v2c   0  -3   4 -14   7  -2   8  -3
  cn 15 word 01164e | v2c   0  -6  -3 -17   4   5  -1   8
  B 1 -2 7 -10 -4 3 -5 3 4 -3 10 10 8 1 12 -3 -1 13 -4 11 9 4 -4 -8 13 -4 2 -6 -5 -7 -9 2 -2 9 4 9 -10 -9 0 -2 6 -4 -7 -9 -1 -1 11 3 -16 -18 6 -8 -1 3 8 3 3 -7 -7 -6 -7 -8 -6 2 -2 -2 -12 -4 2 5 -8 2 0 0 3 9 5 -5 -1 -15 12 6 9 3 12 -5 -1 4 9 -5 -4 6 3 -1 8 8 -5 -8 -4 -1 4 4 -4 10 -3 -4 6 -4 -1 2 -3 -6 7 -5 9 9 3 -12 -4 4 8 -6 6 -9 -9 12 0 0
iter 0 layer 1
  cn  0 word 010d07 | v2c   3   0  11  -7 -12  -1  -1  -6
  cn  1 word 0216e6 | v2c  -5   0   3  -6  -4   8   2   6
  cn  2 word 0212cc | v2c   3   0  -2  -7   2   8  -3  -9
  cn  3 word 032037 | v2c   4   0   9  -8   5  12  -6  -9
  cn  4 word 021859 | v2c  -3   0   4  -6  -8   6  -5  12
  cn  5 word 0017bf | v2c  10   0   9   2   2   9  -8   0
  cn  6 word 0004b3 | v2c  10   0 -10 -16   0   3  -4   0
  cn  7 word 000cb3 | v2c   8   0  -9 -18   0  12  -1   7
  cn  8 word 000aa0 | v2c   1   0   0   6   3  -5   4  -5
  cn  9 word 0115d3 | v2c  12   0  -2  -8   9  -1   4   9
  cn 10 word 0113b6 | v2c  -3   0   6  -1   5   4  -4   9
  cn 11 word 011014 | v2c   1   0  -4   3  -5   9  10   3
  cn 12 word 0114f5 | v2c  -2   0  -7   8  -1  -5  -3 -12
  cn 13 word 021b0b | v2c   7   0  -9   3 -15  -4  -4  -4
  cn 14 word 0112ea | v2c -10   0  -1   3  -2   6   6   4
  cn 15 word 0112a2 | v2c  -4   0  -1  -7  -2   3  -4   8
  B 3 -3 5 -9 -3 2 -3 5 0 -6 10 10 8 1 11 -2 -1 13 -4 11 9 4 -4 -8 13 -4 2 -6 -5 -7 -9 2 -4 6 6 9 -10 -9 1 -1 5 -5 -8 -7 1 1 10 1 -16 -18 6 -7 1 4 9 0 2 -6 -6 -4 -9 -5 -8 2 -1 -1 -11 -2 4 2 -10 2 0 -1 3 8 4 -6 -3 -13 9 8 9 3 12 -5 1 3 10 -6 -2 5 2 0 6 10 -7 -8 -4 -1 4 3 -3 11 -4 -2 5 -3 0 0 -5 -3 7 -5 8 8 4 -13 -2 3 7 -5 4 -11 -6 14 -2 0
iter 0 layer 2
  cn  0 word 001688 | v2c   3   4   0  -8   3   9   0  -6
  cn  1 word 0213bc | v2c  -3  -4   0   2   8   3  -5  14
  cn  2 word 0217ca | v2c   5  -8   0 -16   4  12  -3  -2
  cn  3 word 002786 | v2c  -9  13   0 -18  -6  -5  -7   0
  cn  4 word 011553 | v2c  -3  -4   0   6  -3   1  -8   7
  cn  5 word 0210d8 | v2c   2   2   0  -7 -13   3  -4  -5
  cn  6 word 010b53 | v2c  -3  -6   0   1  -1  10  -1   8
  cn  7 word 011ccd | v2c   5  -5   0   4  -1  -6   4   8
  cn  8 word 0010cd | v2c   0  -7   0   9 -11  -2   3   4
  cn  9 word 00132c | v2c  -6  -9   0   0  -2   5  -3 -13
  cn 10 word 02117f | v2c  10   2   0   2   4   2  11  -2
  cn 11 word 000db5 | v2c  10  -1   0  -6   2   0  -4   3
  cn 12 word 022ea7 | v2c   8  13   0  -6 -10   6  -2   7
  cn 13 word 011075 | v2c   1  -4   0  -4   2  10   5  -5
  cn 14 word 001448 | v2c  11  11   0  -9   0   9  -3   4
  cn 15 word 000e99 | v2c  -2   9   0  -5  -1   8   0 -11
  B 3 -1 7 -9 -4 4 -4 4 -2 -6 8 10 6 -1 11 -2 -1 11 -3 11 9 4 -2 -10 13 -5 4 -7 -4 -7 -9 0 -4 6 6 9 -10 -9 1 -1 5 -5 -8 -7 1 1 10 1 -18 -18 7 -9 2 3 9 -2 0 -6 -4 -3 -9 -5 -8 0 -2 2 -11 -2 2 2 -8 1 2 -1 3 6 6 -6 -4 -15 9 8 9 1 14 -5 3 5 11 -5 -2 5 0 -1 4 9 -7 -9 -6 -2 3 3 -3 9 -4 3 4 -3 1 2 -3 -5 8 -7 9 7 4 -13 0 3 5 -4 4 -11 -6 12 -4 -4
iter 0 layer 3
  cn  0 word 011189 | v2c   4  -1  -9   0  -4  -2  -6  12
  cn  1 word 0112d1 | v2c  -2  11   1   0 -15   5  -2  -4
  cn  2 word 000d68 | v2c  -6  -3  -1   0  -2   0   3  -4
  cn  3 word 0115df | v2c   8  11   5   0   2  -1   3   8
  cn  4 word 021ed4 | v2c  10   9  -5   0 -11   4  -3  -7
  cn  5 word 021c14 | v2c   6   4  -8   0  -2   9   9   9
  cn  6 word 011047 | v2c  -1  -2  -7   0   2   9  -4   7
  cn  7 word 0112fd | v2c  11 -10   1   0   2   8   3   4
  cn  8 word 01126e | v2c  -2  13   1   0  -8   9   4 -13
  cn  9 word 000f42 | v2c   3  -5  10   0   1   1  -3   0
  cn 10 word 0108fe | v2c  -1   4   1   0   2  14   1   3
  cn 11 word 011436 | v2c   7  -7  -4   0  -1  -5   2   5
  cn 12 word 0214c3 | v2c  -9  -4   6   0   3   3  -3  -4
  cn 13 word 0318bc | v2c  -4  -7   6   0   6   5  -5   4
  cn 14 word 03283d | v2c   4  -9   9   0   6  11  -7 -11
  cn 15 word 0019f5 | v2c  -4   0 -10   0  -6  -5  -9  -6
  B 3 0 8 -11 -1 -1 -4 3 -3 -6 7 12 8 -3 10 -1 1 12 -3 10 11 6 -3 -9 12 -5 3 -8 -6 -4 -6 3 -5 8 3 6 -10 -8 3 -1 4 -7 -10 -8 -1 -1 10 0 -18 -18 7 -9 2 3 9 -2 0 -6 -4 -3 -9 -5 -8 0 -2 1 -13 -5 3 1 -7 1 1 -3 5 3 3 -6 -3 -16 10 7 8 1 13 -6 5 2 8 -5 -1 6 -1 1 6 11 -4 -9 -5 -3 3 2 -6 11 -5 2 3 -3 0 3 -5 -2 7 -9 11 8 3 -12 1 2 6 -6 1 -8 -6 11 -5 -4
iter 0 syndrome FAIL unsat_cn 13
iter 1 layer 0
  cn  0 word 021e36 | v2c   0  -6 -10   7  -6  -4   2   8
  cn  1 word 000de3 | v2c   0   4  -9 -10  -1   0   4   4
  cn  2 word 000a2f | v2c   0   1   0   2 -16   6  -3 -12
  cn  3 word 0002ef | v2c   0  12   0   3  -2  11   0   1
  cn  4 word 010cfd | v2c   0  -3  10   9   1  10   1   2
  cn  5 word 011a5c | v2c   0   9  -1  -4 -12   6  -4   5
  cn  6 word 0013d4 | v2c   0  11  -3   0  -5   8  -2  -6
  cn  7 word 010c48 | v2c   0   6   8  -6   1   1  -4   1
  cn  8 word 010925 | v2c   0  -1   1  -2  -1  11  -7  -6
  cn  9 word 0113fa | v2c   0  -7   4  -1  -5  -4  -3  -4
  cn 10 word 0114b3 | v2c   0  12 -10  -9   1   5  -2  11
  cn 11 word 01148e | v2c   0  -5  -8  -5   1   2   3  -5
  cn 12 word 021e67 | v2c   0   4   4  -9  -4   9   3  -5
  cn 13 word 000a6a | v2c   0  -7   0  -1   4  -4  -5   6
  cn 14 word 010c75 | v2c   0  -4   2 -16   1   1   9  -7
  cn 15 word 02144e | v2c   0  -3  -6 -17   2   5  -3  10
  B 3 0 8 -11 -1 -1 -4 3 -3 -6 7 12 8 -3 10 -1 1 12 -2 10 11 7 0 -8 11 -6 2 -7 -3 -5 -8 4 -3 9 0 5 -9 -9 2 1 1 -8 -12 -9 -1 0 9 -4 -15 -19 9 -10 2 3 8 -5 2 -7 -1 -3 -8 -6 -7 -1 -2 0 -13 -5 2 0 -6 -1 3 -2 4 0 4 -8 -1 -16 9 7 8 2 10 -5 4 3 7 -4 0 7 -6 -1 6 11 -5 -6 -4 -1 4 0 -5 8 -5 5 4 -3 0 0 -5 -2 6 -6 12 10 4 -12 1 1 6 -6 2 -5 -5 10 -6 -3
iter 1 layer 1
  cn  0 word 000807 | v2c   0   0  10  -2 -14  -2  -1  -7
  cn  1 word 02121d | v2c  -6   0  -2  -5  -7   8   2   4
  cn  2 word 000ccc | v2c   1   0  -1  -6   0   9  -3  -3
  cn  3 word 011037 | v2c   1   0  12  -9   3  12  -5  -8
  cn  4 word 0212a2 | v2c  -3   0  -2  -5  -4   5  -3   8
  cn  5 word 010bd8 | v2c   7   0   5  -1  -1   8  -6  -4
  cn  6 word 0215cc | v2c  12   0  -9 -15   3   2  -4  -3
  cn  7 word 010c5c | v2c   8   0  -9 -19  -1  10  -1   6
  cn  8 word 01125e | v2c  -3   0   1   9   4  -5   4  -6
  cn  9 word 000af7 | v2c  11   0   0 -11   1   2   1  13
  cn 10 word 001341 | v2c  -2   0   2   0   5   4  -6  11
  cn 11 word 011014 | v2c   1   0  -7   2  -7   6   7   3
  cn 12 word 0108e4 | v2c   1   0 -11   7   1  -3  -4 -11
  cn 13 word 011743 | v2c  10   0 -11  -2 -18  -2   3  -1
  cn 14 word 0217ea | v2c -12   0  -3   3  -3   8   5   2
  cn 15 word 01147d | v2c  -2   0  -2  -8  -1  -5  -4   7
  B 3 2 9 -10 -3 -1 -8 1 -1 -1 8 14 9 -2 11 -2 1 12 -2 10 11 7 0 -8 11 -6 2 -7 -3 -5 -8 4 -1 11 0 6 -11 -10 -1 -1 2 -8 -12 -10 -1 -3 10 -4 -17 -20 8 -11 2 3 8 -1 1 -9 -2 -7 -6 -8 -3 -2 -1 -3 -14 -9 1 2 -2 -2 5 -2 3 1 5 -8 2 -17 11 3 9 4 11 -4 2 4 7 -4 -1 6 -6 -2 10 9 -1 -7 -6 -2 3 1 -6 8 -5 2 3 -5 -1 4 -3 -4 7 -5 13 11 4 -12 1 0 8 -7 6 -3 -7 6 -5 -5
iter 1 layer 2
  cn  0 word 021688 | v2c   3   7   0  -3   3   9   2  -7
  cn  1 word 000042 | v2c   0  -2   0   0   3   6  -5   8
  cn  2 word 0216ca | v2c   7  -6   0 -15   3   9  -2  -3
  cn  3 word 010ef9 | v2c -10  11   0 -20  -8  -4  -1  -1
  cn  4 word 0015bc | v2c  -2  -5   0   7   3   0  -6   6
  cn  5 word 001126 | v2c  -3   0   0  -9 -15   2  -4  -3
  cn  6 word 000cbc | v2c  -7  -6   0   1   0   6  -1  12
  cn  7 word 0218cd | v2c   2  -4   0   4  -6  -5   4  12
  cn  8 word 0108cd | v2c   1  -5   0   8 -14  -1   1   4
  cn  9 word 01082c | v2c  -1  -8   0   1  -9   6  -6 -12
  cn 10 word 0117a0 | v2c  10   6   0   3   3  -4  10  -1
  cn 11 word 000f97 | v2c  14   1   0  -9   2  -1  -5   0
  cn 12 word 021ea7 | v2c  11  14   0  -4  -4  12  -3  10
  cn 13 word 00089a | v2c   0  -3   0  -8  -1  10   4  -8
  cn 14 word 022448 | v2c  11  10   0  -6   3  11  -5   6
  cn 15 word 021026 | v2c  -2  11   0  -8  -2   3  -2  -3
  B 5 0 9 -11 -2 -3 -7 -1 0 0 11 14 9 1 13 0 1 12 -3 12 9 9 -2 -8 12 -5 -2 -6 -2 -4 -7 7 -1 11 0 6 -11 -10 -1 -1 2 -8 -12 -10 -1 -3 10 -4 -17 -21 7 -9 1 2 7 0 4 -9 -2 -8 -8 -6 -5 0 -1 -4 -13 -8 4 2 -2 -1 7 0 5 3 5 -9 3 -15 13 1 11 6 11 -5 -2 2 6 -3 0 5 -5 -1 10 10 -2 -6 -4 -1 2 0 -5 11 -5 0 4 -7 0 4 -5 -4 6 -3 12 10 3 -11 -3 -1 8 -8 8 -1 -9 8 -5 -2
iter 1 layer 3
  cn  0 word 000866 | v2c   0  -1 -11   0   2  -1  -5   9
  cn  1 word 000e6b | v2c   1  11  -3   0 -14   4   0  -4
  cn  2 word 000849 | v2c   0  -3  -1   0  -1  -4   2  -2
  cn  3 word 011630 | v2c  12  13   3   0  -3  -3   1   7
  cn  4 word 0117d4 | v2c  12   7  -6   0 -11   8  -2  -1
  cn  5 word 042c14 | v2c   7   7 -10   0  -5   8   9  10
  cn  6 word 0111b9 | v2c   3  -1  -9   0   3  12  -4   9
  cn  7 word 010afd | v2c  14  -9   1   0   3   2   1   4
  cn  8 word 010895 | v2c  -1  13  -1   0  -3  12   5 -12
  cn  9 word 011cd2 | v2c   5  -5  10   0  -1   6  -7  -4
  cn 10 word 000ff8 | v2c  -1  -1  -3   0   8  12   1   0
  cn 11 word 001222 | v2c   8  -5   0   0   2  -4   3   7
  cn 12 word 0011e1 | v2c  -9   0   9   0   3  -4  -3  -6
  cn 13 word 0222bc | v2c  -5  -7   3   0   6   5  -7  11
  cn 14 word 02183d | v2c   2 -10   9   0   8   9  -5  -4
  cn 15 word 021df5 | v2c  -7   4 -11   0  -9  -3  -6  -9
  B 6 -1 8 -9 -3 -1 -9 1 1 -1 13 13 11 2 13 -2 -1 11 -3 14 8 11 1 -8 14 -6 -1 -5 2 -5 -8 6 2 9 -1 7 -13 -11 -3 -1 4 -7 -14 -8 0 -2 11 -3 -17 -21 7 -9 1 2 7 0 4 -9 -2 -8 -8 -6 -5 0 -1 -4 -12 -10 2 2 -4 -4 8 2 3 4 6 -11 2 -14 11 1 13 7 12 -4 -4 3 7 -6 -1 4 -4 -4 9 12 -3 -8 -5 -1 2 3 -3 13 -3 0 6 -8 1 3 -3 -5 8 -3 14 8 3 -13 -5 -1 7 -6 9 -2 -11 9 -4 -2
iter 1 syndrome FAIL unsat_cn 22
iter 2 layer 0
  cn  0 word 021589 | v2c   0  -6 -12   5  -9  -2  -3   6
  cn  1 word 0214d3 | v2c   0   6  -8  -9   2  -3   6   3
  cn  2 word 0109d2 | v2c   0  -1   1   1 -14   9  -8 -13
  cn  3 word 010c6b | v2c   0  11  -2   2  -1  12   1  -5
  cn  4 word 001712 | v2c   0  -4  12   8  -3  12   4   0
  cn  5 word 000250 | v2c   0  13   0   1 -11   0  -2   6
  cn  6 word 02122f | v2c   0   8   2   2 -10  13  -5  -6
  cn  7 word 011448 | v2c   0  10   8  -8   1   6  -2   8
  cn  8 word 000137 | v2c   0   0   0  -3   1  13  -9  -3
  cn  9 word 0214fa | v2c   0  -7   6  -6  -3  -3  -4 -10
  cn 10 word 021483 | v2c   0  15 -14  -9  -2  -3  -2  10
  cn 11 word 01168e | v2c   0  -5 -10  -5   6   2   1  -3
  cn 12 word 000c73 | v2c   0   1  -1  -7   0   9   6  -4
  cn 13 word 001366 | v2c   0  -5  -2   0   3  -6  -3   8
  cn 14 word 000d88 | v2c   0   1   5 -18   5   0  14  -4
  cn 15 word 01164e | v2c   0  -3  -5 -19   4   2  -1  12
  B 6 -1 8 -9 -3 -1 -9 1 1 -1 13 13 11 2 13 -2 -2 10 -4 13 6 11 0 -9 13 -6 1 -5 1 -4 -4 4 0 9 0 8 -12 -11 -1 -2 5 -6 -10 -6 2 -1 12 0 -18 -20 3 -7 2 1 8 1 0 -9 -3 -8 -7 -6 -7 2 0 -3 -11 -8 3 1 -5 0 7 -1 3 5 5 -7 0 -15 12 0 11 7 13 -5 -1 3 9 -6 1 3 0 -1 10 11 -3 -9 -6 0 3 6 -3 14 -3 -1 4 -9 0 4 -2 -3 8 -4 13 4 1 -14 -4 2 6 -4 9 -3 -12 8 -4 -4
iter 2 layer 1
  cn  0 word 0000b8 | v2c   0   0  12  -3 -11  -1   0  -4
  cn  1 word 0212e6 | v2c  -7   0   2  -6  -6   8   2   7
  cn  2 word 000a37 | v2c   1   0   0  -7   2  11  -2  -3
  cn  3 word 021437 | v2c   3   0  10  -7   2  13  -4 -13
  cn  4 word 0212a2 | v2c  -3   0  -2  -9  -7   2  -5  10
  cn  5 word 0114c0 | v2c  12   0   7   3   1  10  -8  -3
  cn  6 word 021fcc | v2c  11   0 -10 -16   5   5  -4  -2
  cn  7 word 000c0c | v2c  10   0 -10 -19   0  12   1   7
  cn  8 word 0108a0 | v2c   1   0   1   4   4  -6   4  -5
  cn  9 word 010ad3 | v2c  13   0  -1  -7   5  -1   6  13
  cn 10 word 001341 | v2c  -2   0   5   0   5   3  -3   4
  cn 11 word 000314 | v2c   4   0  -5   0  -6   8  13   0
  cn 12 word 0114f5 | v2c  -2   0  -9   7  -1  -5  -2 -13
  cn 13 word 00036b | v2c   9   0  -7   0 -16   0   0  -6
  cn 14 word 001211 | v2c -11   0   0   2  -2   5   6   4
  cn 15 word 000a59 | v2c  -2   0   0  -8  -1   1  -8   5
  B 4 -3 9 -11 -2 0 -5 1 1 -1 13 13 10 2 12 -2 -2 10 -4 13 6 11 0 -9 13 -6 1 -5 1 -4 -4 4 -1 8 0 8 -12 -10 2 0 5 -5 -10 -7 2 1 12 0 -18 -19 5 -6 2 0 8 0 2 -8 -3 -4 -7 -5 -7 4 -2 -1 -11 -4 2 0 -5 3 7 1 5 4 5 -6 -3 -16 11 0 11 7 12 -7 0 3 8 -6 0 5 1 -1 6 11 -3 -9 -6 1 5 5 -3 13 -3 0 6 -8 0 0 -2 -2 7 -6 12 4 0 -14 -6 4 5 -4 5 -3 -11 8 -4 -5
iter 2 layer 2
  cn  0 word 021037 | v2c   2   9   0  -5   3   9  -2  -9
  cn  1 word 001141 | v2c  -3   0   0   4   4   7  -2   8
  cn  2 word 001675 | v2c   7  -7   0 -16   3  10   0  -2
  cn  3 word 021ef9 | v2c -10  12   0 -18  -5  -6  -2  -4
  cn  4 word 021053 | v2c  -2  -6   0   5  -3   2  -9   7
  cn  5 word 0010d8 | v2c   0   3   0  -6 -16   3  -6  -6
  cn  6 word 010cec | v2c  -5  -5   0   2  -1   8   1  12
  cn  7 word 0111cd | v2c   4  -1   0   2  -3  -8   7   6
  cn  8 word 010dcd | v2c   2  -5   0   9 -12  -1   6   1
  cn  9 word 01132c | v2c  -2  -5   0   1  -5   6  -4 -15
  cn 10 word 010b7f | v2c  12   3   0   1   1   2  12  -4
  cn 11 word 000c6a | v2c  13  -2   0  -8   0  -1  -3   5
  cn 12 word 0226a7 | v2c  12  12   0  -5  -7   8  -3   7
  cn 13 word 011075 | v2c   1  -4   0  -4   3  11   6  -4
  cn 14 word 021448 | v2c  10  11   0  -5   3   9  -6   3
  cn 15 word 011426 | v2c  -4   8   0  -7  -1   2  -2  -5
  B 0 -3 7 -12 -4 2 -4 3 1 -1 11 13 10 -1 12 -3 -2 10 -3 13 7 7 2 -7 14 -8 3 -4 1 -4 -4 2 -1 8 0 8 -12 -10 2 0 5 -5 -10 -7 2 1 12 0 -16 -20 7 -6 1 1 8 -1 0 -8 -3 -3 -7 -6 -3 4 0 -2 -11 -4 0 1 -5 2 5 1 1 4 3 -7 -5 -16 11 1 7 7 10 -8 4 3 7 -7 0 5 1 -1 6 10 -5 -11 -6 0 6 5 -3 11 -3 1 5 -8 -1 0 -2 -2 9 -6 11 5 0 -14 -3 5 5 -3 5 -4 -7 8 -2 -6
iter 2 layer 3
  cn  0 word 001556 | v2c   2  -2 -10   0  -5   0  -6   8
  cn  1 word 010890 | v2c   1  10   2   0 -16   5   1  -2
  cn  2 word 000082 | v2c   0  -3   0   0   0   1   6  -6
  cn  3 word 000def | v2c  10  12   4   0  -1   0   3   8
  cn  4 word 021ed4 | v2c  12   6  -4   0 -10   5  -2  -4
  cn  5 word 0114fb | v2c   6   3  -6   0   1   6   7   7
  cn  6 word 000044 | v2c   0   0  -8   0   1  12  -4   6
  cn  7 word 0117fd | v2c  13  -8   3   0   2   2   2   1
  cn  8 word 02106e | v2c  -2  13   2   0  -4   6   4 -13
  cn  9 word 0110c3 | v2c  -1  -7  11   0   5   6  -7  -2
  cn 10 word 000a41 | v2c  -3   3   0   0   5  10  -1   6
  cn 11 word 000ed9 | v2c   7  -4  -3   0   1  -8   0   5
  cn 12 word 0109c3 | v2c -12  -1   8   0   1   4  -2  -3
  cn 13 word 031abc | v2c  -6  -6   4   0   6   5  -4   7
  cn 14 word 04203d | v2c   5  -6  10   0   5   9  -7  -6
  cn 15 word 0011f5 | v2c  -2   0 -10   0  -5  -4  -9  -5
  B -3 -3 7 -13 -3 1 -2 2 2 0 10 14 5 0 12 0 -2 11 -3 12 8 2 0 -7 11 -8 3 -4 -2 -3 -2 2 -3 9 1 6 -10 -10 3 0 4 -6 -5 -8 2 0 12 1 -16 -20 7 -6 1 1 8 -1 0 -8 -3 -3 -7 -6 -3 4 0 -1 -12 -1 1 1 -2 6 5 1 2 3 1 -5 -5 -17 12 1 4 7 10 -8 5 2 5 -4 2 6 1 -1 7 5 -3 -9 -6 2 6 3 -5 6 -4 1 2 -8 -1 -1 -3 -1 8 -6 6 6 -1 -11 -3 6 5 -4 4 -2 -5 8 -3 -6
iter 2 syndrome FAIL unsat_cn 21
iter 3 layer 0
  cn  0 word 010d89 | v2c   0  -4  -7   9  -7  -1  -1   8
  cn  1 word 01173c | v2c   0   4 -10  -8  -3  -3   4   1
  cn  2 word 000bd2 | v2c   0  -1   1   0 -16   6  -7 -10
  cn  3 word 000e6b | v2c   0  12  -1   2  -1   6   0  -4
  cn  4 word 010cad | v2c   0  -3  12   8  -1  12  -1   4
  cn  5 word 010aa7 | v2c   0  12   1  -1 -12   1  -3   5
  cn  6 word 0112d4 | v2c   0  10  -1   2  -3   6  -3  -6
  cn  7 word 0109a7 | v2c   0   1   8  -7  -1   6  -2   3
  cn  8 word 000937 | v2c   0   0   1  -3   1  10  -9  -2
  cn  9 word 000c15 | v2c   0  -5   4  -1   0  -6  -4  -3
  cn 10 word 00160c | v2c   0  13 -12  -9   4   3   0  10
  cn 11 word 01158e | v2c   0  -7  -9  -5   4   1   4  -2
  cn 12 word 021488 | v2c   0   3   3  -3   2   5   3  -6
  cn 13 word 00129d | v2c   0  -4   0   2   2  -4  -5   8
  cn 14 word 011575 | v2c   0  -2   4 -16   3   1   6  -6
  cn 15 word 00144e | v2c   0  -2  -5 -19   0   5  -2   5
  B -3 -3 7 -13 -3 1 -2 2 2 0 10 14 5 0 12 0 -1 12 -2 11 11 0 -1 -5 13 -8 5 -4 -1 -2 -3 5 -3 7 1 4 -12 -10 5 -2 3 -5 -6 -11 1 -1 11 0 -15 -19 8 -9 1 2 7 0 3 -6 -3 -1 -9 -6 -5 2 -1 0 -11 -4 0 1 -1 4 5 4 2 2 2 -6 -4 -16 11 0 7 5 10 -6 3 3 7 -4 -1 5 0 -4 6 6 -1 -9 -4 2 5 5 -5 5 -2 0 5 -7 -1 0 -2 -4 8 -5 5 7 3 -10 -4 3 4 -7 2 -2 -3 10 -3 -8
iter 3 layer 1
  cn  0 word 010807 | v2c   1   0  11  -3 -11  -4  -1  -7
  cn  1 word 0212e6 | v2c  -4   0   2  -3  -6   8   2   4
  cn  2 word 0014cc | v2c   2   0  -2  -9   0   6  -2  -2
  cn  3 word 021c37 | v2c   4   0   9  -8   3  13  -6  -5
  cn  4 word 0112a2 | v2c  -2   0  -1  -7  -3   2  -3  12
  cn  5 word 0113c0 | v2c   9   0   3   1   2   6  -8  -2
  cn  6 word 0216cc | v2c  12   0 -10 -13   3   3  -2  -5
  cn  7 word 02160c | v2c   5   0 -10 -19   3  10   2   8
  cn  8 word 01085e | v2c  -1   0   4   7   1  -5   4  -4
  cn  9 word 02150c | v2c  13   0  -3 -10   3   2   6   6
  cn 10 word 000848 | v2c   0   0   3  -1   2   3  -5   7
  cn 11 word 0213ea | v2c  -3   0  -5   2  -6   7   5   3
  cn 12 word 0116f5 | v2c  -2   0  -5   6  -2  -3  -1  -9
  cn 13 word 0003b4 | v2c   7   0 -11   0 -16  -1   0  -4
  cn 14 word 010aea | v2c -13   0  -1   3  -1   5   5   3
  cn 15 word 00044d | v2c  -3   0  -2  -6   0   0  -7   4
  B -1 -3 7 -12 -3 0 -2 2 2 -1 10 14 7 0 15 1 -1 12 -2 11 11 0 -1 -5 13 -8 5 -4 -1 -2 -3 5 -2 7 1 4 -12 -12 3 -5 3 -3 -6 -11 0 -2 10 0 -15 -21 6 -12 -1 0 7 0 2 -6 -2 -1 -9 -6 -6 3 0 0 -10 -4 2 0 -2 3 5 5 0 5 2 -4 -3 -16 11 1 7 5 12 -4 4 3 5 -4 -1 4 0 -3 6 6 -2 -9 -4 4 3 8 -5 3 -3 0 4 -7 0 0 -2 -4 10 -3 8 7 1 -10 -4 2 4 -6 2 -2 -3 11 -3 -7
iter 3 layer 2
  cn  0 word 011037 | v2c   1   2   0  -8   2   9  -2  -5
  cn  1 word 0216bc | v2c  -3  -3   0   3   5   5  -2  11
  cn  2 word 0214ca | v2c   7  -5   0 -15   2  12  -2  -3
  cn  3 word 011646 | v2c -10  11   0 -19  -2  -2   1  -5
  cn  4 word 010853 | v2c  -1  -6   0   4  -1   2  -7   8
  cn  5 word 021026 | v2c  -2   5   0 -12 -16   3  -4  -3
  cn  6 word 000bec | v2c  -3  -5   0   0  -1   6   5   9
  cn  7 word 010bcd | v2c   3  -3   0   1  -1  -5   4   8
  cn  8 word 0215cd | v2c   3  -3   0   8 -11  -2   9   2
  cn  9 word 02102c | v2c  -2  -4   0   2  -5   5  -6 -11
  cn 10 word 01157f | v2c  11   6   0   3   3   1   4  -5
  cn 11 word 010985 | v2c  14  -1   0  -6  -1  -3  -3   2
  cn 12 word 031ba7 | v2c   9  14   0  -4  -4   8  -4   6
  cn 13 word 021075 | v2c   2  -3   0  -2   4   7   5  -7
  cn 14 word 001748 | v2c  13   9   0  -7   3   9  -5   0
  cn 15 word 000837 | v2c   0  12   0  -7   3   2  -1  -3
  B -1 -1 9 -9 -2 0 -3 2 1 0 10 13 6 0 13 -1 0 11 -1 9 12 1 -1 -7 10 -7 3 -5 -2 -1 -2 5 -2 7 1 4 -12 -12 3 -5 3 -3 -6 -11 0 -2 10 0 -17 -18 5 -10 -1 0 6 0 2 -5 -1 0 -7 -7 -7 1 -1 0 -9 -3 2 0 -1 2 3 3 1 3 4 -1 -2 -14 9 2 8 3 14 -1 3 1 6 -4 0 3 -1 -2 5 5 -1 -8 -2 5 3 7 -4 3 -2 -1 3 -5 -1 -1 0 -4 9 -1 9 7 0 -9 -4 1 3 -5 2 -3 -4 9 -5 -4
iter 3 layer 3
  cn  0 word 001174 | v2c   2   0 -12   0  -2  -2  -2   9
  cn  1 word 001090 | v2c   0  10   2   0 -13   2   4  -4
  cn  2 word 000849 | v2c   0  -1  -5   0  -1  -1   3  -4
  cn  3 word 000cdf | v2c  10   9   3   0   0  -1   7   9
  cn  4 word 010aab | v2c  11  10  -1   0  -7   3  -1   1
  cn  5 word 011414 | v2c   7   2  -7   0  -1   6   4  10
  cn  6 word 0008b9 | v2c   0  -1 -11   0   2   9  -2   7
  cn  7 word 000efd | v2c  14  -8   1   0   1   3   0   2
  cn  8 word 00126e | v2c  -3  12   0   0  -3  10   5 -11
  cn  9 word 01083d | v2c   1  -6   9   0   1   2  -4  -3
  cn 10 word 0108ba | v2c  -1   3  -1   0   3  14  -1   1
  cn 11 word 000ed9 | v2c   9  -5  -2   0   3  -1   0   3
  cn 12 word 000c7c | v2c  -8  -1   6   0   0   2   1  -4
  cn 13 word 0319bc | v2c  -5  -4   4   0   6   4  -7   5
  cn 14 word 03203d | v2c   4  -6   8   0   8  10  -5  -7
  cn 15 word 0114f5 | v2c  -3   3 -12   0  -1  -4  -8  -4
  B 0 0 9 -8 -2 0 -4 2 2 -1 10 10 8 -1 14 -3 2 10 -1 9 9 3 -1 -8 12 -5 2 -5 -1 -1 -3 4 -2 6 1 5 -13 -12 2 -5 3 0 -8 -11 1 -2 8 0 -17 -18 5 -10 -1 0 6 0 2 -5 -1 0 -7 -7 -7 1 -1 -1 -6 -3 2 1 -3 0 2 3 -1 3 5 -3 -2 -13 9 3 10 1 13 -1 2 1 7 -5 -2 2 -1 -1 2 7 -2 -9 -2 4 3 7 0 5 -2 -1 5 -3 0 -1 1 -4 9 0 11 7 2 -11 -2 0 3 -4 2 -4 -5 9 -4 -4
iter 3 syndrome FAIL unsat_cn 26
iter 4 layer 0
  cn  0 word 021589 | v2c   0  -4  -9   6  -4  -2  -2   8
  cn  1 word 0005e3 | v2c   0   3 -10  -9  -1   0   4   0
  cn  2 word 0112d8 | v2c   0   2   1  -2 -13   2  -3 -11
  cn  3 word 000b6b | v2c   0  10  -2   0  -1   7   1  -2
  cn  4 word 0117ad | v2c   0  -2   9   7  -2  10  -2   1
  cn  5 word 000e18 | v2c   0  10   1  -1  -7   4   0   4
  cn  6 word 000a2f | v2c   0   8   0   1  -2   9  -3  -3
  cn  7 word 011448 | v2c   0   4   7  -6   1   2  -3   3
  cn  8 word 000937 | v2c   0   0   1  -1   1  13  -9  -4
  cn  9 word 000b0d | v2c   0  -8   5   0  -2  -1  -2  -5
  cn 10 word 00140c | v2c   0  12 -13  -7   0   2   2   9
  cn 11 word 010c51 | v2c   0  -4 -11  -6   1  -1   2  -3
  cn 12 word 000188 | v2c   0   0   0  -5   1   5   5  -2
  cn 13 word 000e36 | v2c   0  -5  -3   1  -1  -5   0   9
  cn 14 word 000d75 | v2c   0  -2   4 -18   4   0   6  -1
  cn 15 word 000ab5 | v2c   0  -1   0 -18   3   2  -2  11
  B 0 0 9 -8 -2 0 -4 2 2 -1 10 10 8 -1 14 -3 3 10 -1 10 8 5 -1 -8 12 -3 0 -5 -2 -1 -2 3 -1 8 1 5 -13 -10 0 -3 4 -1 -7 -10 3 -2 8 1 -18 -18 4 -9 -3 -1 6 -1 1 -7 -1 -1 -7 -5 -5 1 -1 -1 -7 -2 3 1 -2 2 0 1 -1 4 3 -2 -1 -14 9 4 9 3 13 -1 2 0 5 -5 -1 2 0 0 3 7 -4 -9 -2 2 1 5 1 6 -2 0 4 -4 1 -1 1 -3 9 -1 11 6 0 -12 -2 -1 4 -3 4 -4 -5 9 -2 -2
iter 4 layer 1
  cn  0 word 000eb8 | v2c   1   0   9  -2  -8  -1   0  -4
  cn  1 word 0116e6 | v2c  -6   0   3  -3  -4   5   1   6
  cn  2 word 010a73 | v2c   2   0  -1  -7   1   7   1  -4
  cn  3 word 031837 | v2c   4   0  10  -7   4  11  -5  -7
  cn  4 word 0112a2 | v2c  -2   0  -1  -6  -3   5  -5  10
  cn  5 word 010b37 | v2c   9   0   4  -1   1   8  -8  -1
  cn  6 word 0006e3 | v2c   8   0 -11 -16  -2   1   0   0
  cn  7 word 000ee3 | v2c   6   0  -8 -16  -1  11   0   7
  cn  8 word 000c5e | v2c  -2   0   1   5   0  -2   2  -2
  cn  9 word 000d0c | v2c  12   0  -1  -7   2   0   3   9
  cn 10 word 000d09 | v2c  -4   0   4  -3   3   0   1   6
  cn 11 word 0113ea | v2c  -2   0  -3   1  -4   7   8   2
  cn 12 word 00045b | v2c   1   0  -6   5   0  -4   0 -11
  cn 13 word 000e43 | v2c   9   0 -10  -1 -14  -1   0  -2
  cn 14 word 001711 | v2c  -9   0   2   2  -2   3   5   0
  cn 15 word 000da2 | v2c  -2   0  -2  -7  -1   0  -4   4
  B -1 1 9 -9 -2 1 -5 1 1 -1 8 8 6 -2 12 -4 3 10 -1 10 8 5 -1 -8 12 -3 0 -5 -2 -1 -2 3 0 7 1 3 -11 -8 1 -1 4 -2 -6 -10 2 -2 9 2 -16 -16 5 -7 -3 -1 5 -1 2 -7 -2 -2 -6 -4 -5 0 -2 -1 -8 -3 0 1 -2 0 -2 -1 -1 2 3 -3 0 -14 8 4 7 1 11 -2 1 1 6 -4 -1 3 -1 -1 4 6 -4 -7 0 -1 2 3 1 7 0 -1 5 -4 1 -1 0 -2 7 -2 9 6 1 -11 -2 2 4 -4 5 -3 -4 9 0 0
iter 4 layer 2
  cn  0 word 000c37 | v2c   1   6   0  -6   0   8  -2  -5
  cn  1 word 0110bc | v2c  -1  -3   0   2   4   3  -2  11
  cn  2 word 000e0a | v2c   7  -6   0 -14   1   9   0   2
  cn  3 word 0117f9 | v2c -10  13   0 -17  -4  -3  -2  -1
  cn  4 word 000dbc | v2c  -1  -2   0   4   1   0  -6   6
  cn  5 word 011026 | v2c  -1   2   0  -9 -16   3  -2  -4
  cn  6 word 0116a4 | v2c  -5  -5   0  -2  -2   6  -1   9
  cn  7 word 0013cd | v2c   2  -3   0   0  -2  -5   3   7
  cn  8 word 0210cd | v2c   3  -3   0   7 -10  -3   5   3
  cn  9 word 010b2c | v2c  -3  -4   0   1  -5   5  -1 -13
  cn 10 word 010c7f | v2c   9   4   0   3   1   1   8  -3
  cn 11 word 000c97 | v2c   9   2   0  -8   0  -2  -1   3
  cn 12 word 0326a7 | v2c   9  13   0  -5  -5   7  -4   7
  cn 13 word 001075 | v2c   0  -3   0  -4   2   8   7  -6
  cn 14 word 0214a7 | v2c  12  10   0  -6  -2   8  -4   3
  cn 15 word 010c99 | v2c  -3   8   0  -4  -1   4   1  -3
  B 1 1 7 -11 -1 1 -4 2 1 -2 8 9 6 -2 10 -4 2 10 -3 8 9 6 -2 -6 14 -2 1 -4 -3 -1 -3 3 0 7 1 3 -11 -8 1 -1 4 -2 -6 -10 2 -2 9 2 -14 -18 4 -8 -1 -2 5 0 2 -8 -2 -4 -4 -5 -6 1 -1 -2 -8 -4 0 -1 -2 2 0 -2 -1 3 1 -5 1 -15 6 5 8 2 9 -4 -1 2 5 -5 -1 4 0 -2 4 8 -3 -6 -1 1 3 3 0 7 -1 0 7 -2 2 -2 -1 1 6 -3 8 7 1 -12 -2 3 4 -6 1 -4 -5 10 2 -3
iter 4 layer 3
  cn  0 word 00099b | v2c   2   0  -8   0   1  -1  -1  10
  cn  1 word 010811 | v2c  -1  10   1   0 -15   4   1   2
  cn  2 word 000d68 | v2c  -1  -3  -1   0  -1   0   3  -3
  cn  3 word 011430 | v2c   8   8   4   0  -1  -2   3   6
  cn  4 word 0116d4 | v2c  10  10  -3   0  -9   5  -1  -2
  cn  5 word 022414 | v2c   5   5  -5   0  -2   7   6   7
  cn  6 word 000c47 | v2c  -1  -2 -10   0   0   6  -1   7
  cn  7 word 010c12 | v2c  10  -6   2   0  -1   5   1   1
  cn  8 word 00126e | v2c  -4  14   0   0  -2   8   7 -12
  cn  9 word 02103d | v2c   2  -3  10   0   3   3  -3  -3
  cn 10 word 000800 | v2c   0   2   1   0   1  10   1   4
  cn 11 word 000a72 | v2c   7  -4   0   0  -2  -4  -1   4
  cn 12 word 000c1c | v2c -11  -3   7   0   0  -1  -1  -6
  cn 13 word 021ebc | v2c  -4  -4   4   0   6   5  -2   4
  cn 14 word 03243d | v2c   5  -6   6   0   4   8  -6  -7
  cn 15 word 0211f5 | v2c  -3   2 -10   0  -3  -4  -5  -4
  B 0 1 7 -11 -2 2 -5 2 -2 -1 9 11 7 -1 11 -4 -1 11 -3 9 11 7 -2 -7 14 -1 2 -4 -3 -2 -3 4 1 7 2 3 -12 -8 2 -1 5 -4 -7 -10 3 -2 8 1 -14 -18 4 -8 -1 -2 5 0 2 -8 -2 -4 -4 -5 -6 1 -1 -3 -10 -6 1 -2 -2 1 1 -2 -1 4 0 -5 1 -16 6 6 8 1 10 -4 -1 3 5 -6 -1 5 -1 -3 6 9 -3 -7 -1 2 3 4 -3 8 -1 2 7 -1 1 -1 -1 1 7 -3 9 7 2 -12 -1 4 4 -6 2 -4 -6 10 3 -3
iter 4 syndrome FAIL unsat_cn 18
iter 5 layer 0
  cn  0 word 001636 | v2c   0  -5  -9   6  -7  -3   0   9
  cn  1 word 0114d3 | v2c   0   4 -10  -8   1  -3   7   2
  cn  2 word 00036d | v2c   0  -2   1   0 -15   5   0 -11
  cn  3 word 010b9c | v2c   0  11  -2  -1  -1   9   1  -1
  cn  4 word 021ead | v2c   0  -4   9   6  -4   7  -2   6
  cn  5 word 000b50 | v2c   0   9   1   0 -10   6  -2   4
  cn  6 word 011690 | v2c   0  11   2   2  -6   8   1  -6
  cn  7 word 000da7 | v2c   0   6   6  -7  -1   0  -2   1
  cn  8 word 011125 | v2c   0  -1   2  -2  -2  10  -7  -4
  cn  9 word 0116fa | v2c   0  -7   3  -3  -2  -4  -1  -6
  cn 10 word 010c3c | v2c   0  14 -12  -4  -1  -1   2  10
  cn 11 word 0211f1 | v2c   0  -2  -9  -6   2   2   4   2
  cn 12 word 021167 | v2c   0   2   2  -6  -2   5   4  -3
  cn 13 word 010a89 | v2c   0  -4  -1   1  -1  -6  -4   7
  cn 14 word 001575 | v2c   0  -3   5 -14   4   0   8  -3
  cn 15 word 000c4e | v2c   0  -2  -3 -18   0   5  -1   9
  B 0 1 7 -11 -2 2 -5 2 -2 -1 9 11 7 -1 11 -4 -2 12 -2 9 12 6 1 -8 15 0 0 -3 -3 -2 -5 3 3 6 1 4 -13 -7 0 0 5 -3 -9 -9 1 -3 7 1 -14 -18 6 -7 0 -2 4 1 3 -7 -1 -4 -5 -4 -4 0 -2 -2 -10 -7 -1 -1 -3 -2 0 0 0 4 1 -7 -1 -15 5 6 9 -1 9 -5 -2 0 3 -5 -2 5 -3 -2 5 10 -2 -6 -3 3 2 2 -3 8 -1 2 6 0 2 1 -2 3 6 -3 9 9 1 -11 -2 4 4 -7 1 -3 -7 11 0 -1
iter 5 layer 1
  cn  0 word 010bb8 | v2c   2   0   7  -1 -10  -2   1  -7
  cn  1 word 0212e6 | v2c  -6   0   2  -5  -8   6   3   2
  cn  2 word 000c37 | v2c   3   0   2  -6   0  11  -1  -4
  cn  3 word 000e88 | v2c   1   0   9  -7   2   8   0 -10
  cn  4 word 0112a2 | v2c  -2   0  -1  -5  -4   7  -3  12
  cn  5 word 010bd8 | v2c  10   0   5  -1  -1  10  -7  -1
  cn  6 word 000c13 | v2c  11   0 -13 -14   0  -1  -3  -1
  cn  7 word 001c0c | v2c   7   0  -7 -18   0   9   4   6
  cn  8 word 000a5e | v2c  -1   0   0   6   1  -5   2  -3
  cn  9 word 001228 | v2c  11   0   0  -7   4  -3   2   9
  cn 10 word 000b9e | v2c  -4   0   5   0   1  -1  -3   9
  cn 11 word 000bea | v2c  -1   0  -4   0  -8   4   9   2
  cn 12 word 01080b | v2c   1   0  -9   4  -1  -5  -1 -11
  cn 13 word 0113b4 | v2c   7   0  -9   1 -15  -2   3  -2
  cn 14 word 011211 | v2c -11   0   1   3  -2   5   6   2
  cn 15 word 0016c2 | v2c  -2   0  -3  -7  -2  -2   0   4
  B -1 0 8 -12 -2 3 -4 3 1 -1 11 11 7 -1 11 -4 -2 12 -2 9 12 6 1 -8 15 0 0 -3 -3 -2 -5 3 2 9 1 6 -13 -7 -1 2 5 -4 -8 -10 3 -3 8 0 -14 -18 6 -7 -1 -1 3 3 4 -7 -2 -3 -6 -7 -4 -2 -3 -2 -11 -6 -1 2 -3 -2 -1 3 1 4 1 -8 0 -16 8 6 11 -1 9 -5 -3 -1 4 -4 -3 6 -2 -3 4 11 -2 -8 -3 4 2 2 -3 9 0 4 7 -2 2 1 -1 1 6 -3 9 9 2 -10 -3 3 4 -8 0 -4 -10 11 -2 -1
iter 5 layer 2
  cn  0 word 010876 | v2c  -1   6   0  -4   2  11   1 -10
  cn  1 word 0001b6 | v2c  -2   0   0  -1   5   0  -2  12
  cn  2 word 000e75 | v2c   8  -8   0 -14   1   9   0  -2
  cn  3 word 010e86 | v2c -11  14   0 -17  -7  -4  -1   1
  cn  4 word 00019e | v2c  -2   0   0   6   0  -2  -8   6
  cn  5 word 000dd8 | v2c   1   1   0  -8 -17   0  -4  -4
  cn  6 word 02131b | v2c  -5  -4   0  -2  -4   5   2  10
  cn  7 word 0113cd | v2c   3  -3   0   1  -2  -4   2   9
  cn  8 word 0218cd | v2c   3  -4   0   5 -13  -5   4   4
  cn  9 word 02182c | v2c  -2  -6   0   4  -7   7  -4 -11
  cn 10 word 000ca0 | v2c  12   4   0   5   0  -1  10  -4
  cn 11 word 0016d5 | v2c  11  -2   0  -7   3  -3   0   3
  cn 12 word 002618 | v2c  10  15   0  -5  -6   7   0   7
  cn 13 word 01109a | v2c   1  -2   0  -3  -2  11   7  -8
  cn 14 word 0217a7 | v2c  13  11   0  -8  -3  10  -4   2
  cn 15 word 011676 | v2c  -3  11   0  -6   4   5   1  -3
  B 0 -2 8 -10 -2 1 -7 2 0 1 12 11 10 3 11 -2 -2 15 -3 9 10 5 0 -8 13 0 1 -6 -2 -2 -4 4 2 9 1 6 -13 -7 -1 2 5 -4 -8 -10 3 -3 8 0 -14 -16 6 -8 -4 -1 3 2 5 -7 -5 -4 -6 -5 -3 -1 -6 -1 -11 -5 1 3 -6 -3 -1 3 1 5 1 -6 0 -17 8 4 10 0 9 -3 -2 1 7 -3 -3 5 -1 -3 7 12 0 -8 -4 4 1 2 -2 10 -2 4 8 -2 -1 0 -2 -1 6 -4 12 8 2 -9 -4 3 7 -9 0 -2 -9 12 -2 0
iter 5 layer 3
  cn  0 word 000c66 | v2c   2  -1  -7   0   0  -3  -4  12
  cn  1 word 01106b | v2c   1  14  -2   0 -16   4   3  -3
  cn  2 word 000512 | v2c   1  -3   2   0  -6   0   1   0
  cn  3 word 010cdf | v2c  11   8   4   0   1  -2   1   5
  cn  4 word 00166b | v2c  10   9  -3   0 -10   6   0  -3
  cn  5 word 011414 | v2c   8   3  -6   0  -1  10   8  10
  cn  6 word 000144 | v2c   3   0 -10   0   0   8  -2   8
  cn  7 word 0117fd | v2c  10  -7   2   0   4   3   3   1
  cn  8 word 011295 | v2c  -2  13  -1   0  -6  10   8  -9
  cn  9 word 0114d2 | v2c   2  -2  10   0  -1   2  -4  -6
  cn 10 word 000aae | v2c  -3   1   0   0  -1   9  -1   3
  cn 11 word 000e22 | v2c   8  -6   1   0   3  -3   0   7
  cn 12 word 02111c | v2c -10  -2   9   0   2  -2  -2  -9
  cn 13 word 0217bc | v2c  -4  -4   3   0   7   3  -4   2
  cn 14 word 021e3d | v2c   4  -7   9   0   5  10  -3  -5
  cn 15 word 0115f5 | v2c  -5   2 -11   0  -4  -1  -6  -7
  B 3 -3 8 -8 -2 2 -6 2 -1 1 10 10 9 3 9 -3 -1 13 -3 7 9 4 0 -6 14 -3 1 -6 0 -2 -5 3 1 7 1 7 -12 -7 -1 2 3 -3 -7 -10 1 -3 11 -1 -14 -16 6 -8 -4 -1 3 2 5 -7 -5 -4 -6 -5 -3 -1 -6 0 -10 -3 0 3 -7 -3 -1 3 0 5 3 -5 1 -15 8 2 11 3 9 -3 0 1 8 -3 -3 3 0 -1 6 11 0 -7 -4 2 1 0 -2 9 -2 2 9 -5 -1 1 0 -2 4 -3 11 8 -1 -10 -7 3 7 -7 0 -3 -8 12 -2 0
iter 5 syndrome FAIL unsat_cn 21
iter 6 layer 0
  cn  0 word 0005e9 | v2c   0  -5  -7   6  -5   0   0   8
  cn  1 word 0017d3 | v2c   0   4 -11  -9   3  -2  10   0
  cn  2 word 010925 | v2c   0  -1   1  -4 -15   6  -5 -10
  cn  3 word 0013d4 | v2c   0  12  -2   0  -5  10  -2  -6
  cn  4 word 0214ad | v2c   0  -5  13   5  -2  10  -2   5
  cn  5 word 000e14 | v2c   0   7  -1   1 -10   2   0   7
  cn  6 word 00122f | v2c   0   8   0   4  -2  10  -4  -6
  cn  7 word 0004f7 | v2c   0   4   7  -7   0   4   0   0
  cn  8 word 0211ca | v2c   0  -2   2  -6   2  10  -8  -4
  cn  9 word 0215fa | v2c   0  -5   6  -3  -6  -2  -2  -7
  cn 10 word 010de3 | v2c   0  13 -11  -5  -2   1   1  11
  cn 11 word 000ff1 | v2c   0  -5  -9  -7   1   3   3   0
  cn 12 word 010a88 | v2c   0   3   1  -5   1  10   2  -2
  cn 13 word 000b72 | v2c   0  -7   1   0  -1  -4  -3   5
  cn 14 word 000957 | v2c   0   0   3 -14   5  -1   9  -3
  cn 15 word 02114e | v2c   0  -2  -3 -16   2   3  -2  11
  B 3 -3 8 -8 -2 2 -6 2 -1 1 10 10 9 3 9 -3 0 12 -3 7 8 4 -4 -7 12 -5 4 -7 -1 -4 -5 4 -2 7 4 8 -10 -9 2 1 3 -5 -7 -11 0 -2 11 -1 -14 -18 6 -9 -3 2 3 1 4 -7 -8 -5 -4 -7 -6 1 -5 0 -10 -2 0 4 -8 -1 1 2 -1 5 4 -5 3 -14 8 2 10 4 12 -4 0 3 11 -4 -1 5 0 -2 5 10 0 -10 -4 0 3 3 -3 9 -4 0 10 -4 -2 0 1 -4 5 -3 13 8 -2 -9 -6 3 7 -6 0 -6 -9 10 -1 -3
iter 6 layer 1
  cn  0 word 010807 | v2c   1   0  10  -7  -9  -1  -3  -5
  cn  1 word 0112e6 | v2c  -8   0   1  -7  -4   7   2   2
  cn  2 word 010c73 | v2c   2   0  -2  -4   1  10   1  -6
  cn  3 word 0118c9 | v2c  -1   0   7  -7   4   8  -5  -9
  cn  4 word 0008a7 | v2c   0   0   2  -7  -9   3  -1  11
  cn  5 word 0004bf | v2c   9   0   7   2   0   9  -9   0
  cn  6 word 0214cc | v2c  10   0 -10 -14   2   4  -4  -3
  cn  7 word 000ee3 | v2c   9   0  -9 -18  -1  12   0   5
  cn  8 word 01144f | v2c   3   0   3   6  -1  -4   3  -3
  cn  9 word 000d0c | v2c   9   0  -1  -9   5   0   3  13
  cn 10 word 0213b6 | v2c  -3   0   3  -2   4   3  -3   8
  cn 11 word 02176b | v2c   3   0  -5   3  -5  11   9  -2
  cn 12 word 02101a | v2c  -2   0  -8   4   2  -5  -5 -10
  cn 13 word 000d23 | v2c   7   0 -10  -1 -13   0  -1  -5
  cn 14 word 0212ea | v2c  -7   0  -2   3  -4   4   9   2
  cn 15 word 00044d | v2c  -2   0  -2  -7   0   0  -2   7
  B 1 0 7 -5 -2 0 -7 1 -4 -1 9 12 9 2 9 -1 0 12 -3 7 8 4 -4 -7 12 -5 4 -7 -1 -4 -5 4 -1 8 2 7 -12 -9 2 -1 1 -3 -6 -10 0 -2 9 -1 -16 -18 5 -9 0 1 2 -1 1 -7 -6 -6 -3 -8 -7 2 -2 0 -8 -3 0 5 -9 0 4 -1 1 5 2 -3 0 -13 9 3 9 6 12 -3 1 1 9 -3 -1 2 0 0 6 9 -1 -9 -6 -1 2 3 -1 7 -3 -1 7 -2 -2 1 0 -6 5 -2 13 6 0 -8 -5 0 7 -4 1 -5 -10 11 0 -5
iter 6 layer 2
  cn  0 word 001088 | v2c   0   5   0  -8   2  10   2 -11
  cn  1 word 0000fd | v2c   0  -4   0   2   5   6   0  11
  cn  2 word 0017b5 | v2c   7  -7   0 -16   2  12  -5   0
  cn  3 word 021ef9 | v2c  -6  13   0 -19  -4  -4  -2  -4
  cn  4 word 000cbc | v2c  -2  -5   0   5   0   1  -9   5
  cn  5 word 0000d8 | v2c   0   4   0  -9 -13   0  -6  -2
  cn  6 word 0014bc | v2c  -5  -5   0   2   0   7  -3  11
  cn  7 word 0114cd | v2c   2  -2   0   3  -1  -4   3   7
  cn  8 word 011033 | v2c  -1  -6   0   4 -10  -3   5   2
  cn  9 word 01132c | v2c  -4  -7   0   1  -5   4  -3 -10
  cn 10 word 000d90 | v2c   9   4   0   1  -1   0   7  -5
  cn 11 word 000148 | v2c  12   0   0  -7   5   0  -1   0
  cn 12 word 042ea7 | v2c   9  12   0  -6  -9   6  -5   7
  cn 13 word 000875 | v2c   0  -2   0  -5   1   8   6  -3
  cn 14 word 021448 | v2c  11   9   0  -5   2  11  -4   3
  cn 15 word 000476 | v2c  -2   9   0  -9   0   4   0  -6
  B 2 0 7 -8 -2 0 -5 1 -3 -3 9 12 5 -1 13 -2 0 8 -2 11 9 5 -4 -7 15 -5 4 -5 -1 -7 -6 4 -1 8 2 7 -12 -9 2 -1 1 -3 -6 -10 0 -2 9 -1 -16 -21 5 -9 2 2 5 -1 1 -7 -2 -5 -7 -9 -8 2 -2 1 -11 -4 -1 5 -5 1 4 0 2 5 2 -6 -1 -13 13 4 10 6 12 -6 1 0 7 -3 -4 3 1 0 2 8 -5 -9 -6 -3 2 6 -2 7 -1 0 6 -6 0 2 0 -5 5 -2 11 6 3 -9 -5 0 3 -3 5 -6 -11 11 -2 -6
iter 6 layer 3
  cn  0 word 000974 | v2c   1   0  -9   0  -2  -4  -6  11
  cn  1 word 0108d1 | v2c  -1   9   1   0 -14   4  -2  -3
  cn  2 word 010a68 | v2c  -3  -2  -1   0  -2   1   2  -6
  cn  3 word 0115df | v2c  10  12   2   0   2  -1   7   6
  cn  4 word 00166b | v2c  12   9  -3   0 -11   2   0  -2
  cn  5 word 021c14 | v2c   4   4  -5   0  -2   7   6  10
  cn  6 word 0108a8 | v2c  -1  -4 -10   0  -1  13  -1   6
  cn  7 word 010afd | v2c  14  -8   1   0   6   5   1   5
  cn  8 word 000a6e | v2c  -1  14   0   0  -4   9   5  -8
  cn  9 word 01103d | v2c   1  -4   8   0   3   5  -5  -4
  cn 10 word 000000 | v2c   0   4   0   0   4  12   0   0
  cn 11 word 000cd9 | v2c   7  -5  -1   0   0  -6   1   3
  cn 12 word 01151c | v2c -10  -3  10   0   4  -1  -2  -5
  cn 13 word 021dbc | v2c  -4  -9   4   0   7   2  -7   7
  cn 14 word 02183d | v2c   2  -8   9   0   4   9  -8  -8
  cn 15 word 0115f5 | v2c  -4   3 -11   0  -5  -1  -8 -10
  B -1 0 7 -9 -2 -1 -5 1 -2 -2 9 12 6 0 13 -1 1 10 -1 11 9 6 -3 -7 14 -3 4 -5 -2 -7 -6 4 -1 9 2 7 -12 -9 2 0 1 -3 -7 -9 0 -1 7 0 -16 -21 5 -9 2 2 5 -1 1 -7 -2 -5 -7 -9 -8 2 -1 1 -11 -5 0 5 -4 2 4 -1 3 5 2 -6 -2 -15 12 4 9 4 12 -6 1 -1 7 -3 -4 5 0 1 2 9 -6 -9 -6 -3 1 6 -2 8 0 0 5 -4 0 1 -1 -5 5 -2 12 5 4 -8 -3 0 3 -4 5 -6 -11 11 -4 -5
iter 6 syndrome FAIL unsat_cn 21
iter 7 layer 0
  cn  0 word 0005e9 | v2c   0  -6  -7   5  -6   0   0   5
  cn  1 word 0115e3 | v2c   0   4  -9  -9  -2   1   5   6
  cn  2 word 00092f | v2c   0   0   1   1 -16   3  -5  -9
  cn  3 word 00036b | v2c   0  10  -1   0  -1   9   0  -3
  cn  4 word 010cad | v2c   0  -3   9   7  -1  14  -1   2
  cn  5 word 000aa7 | v2c   0  11   0  -1 -11   4  -2   3
  cn  6 word 010a2f | v2c   0   9   1   1  -5   9  -5  -4
  cn  7 word 001c48 | v2c   0   6   9  -7   0   4  -6   5
  cn  8 word 00023d | v2c   0  -1   0   0   3  10  -7  -4
  cn  9 word 0214fa | v2c   0  -5   5  -3  -2  -4  -4  -9
  cn 10 word 0114b3 | v2c   0  15 -13  -8   1   2  -2  12
  cn 11 word 010d51 | v2c   0  -3  -9  -9   4  -1   1  -3
  cn 12 word 011267 | v2c   0   3   1  -7  -2   6   5  -4
  cn 13 word 000a9d | v2c   0  -5   0   1   3  -3  -2   5
  cn 14 word 0109aa | v2c   0  -1   1 -16   5  -4   8  -2
  cn 15 word 000cf1 | v2c   0  -5  -1 -19   0   3   2  10
  B -1 0 7 -9 -2 -1 -5 1 -2 -2 9 12 6 0 13 -1 -1 10 -2 11 8 6 -1 -7 14 -2 2 -5 -2 -5 -6 3 0 9 0 7 -12 -8 -1 -1 2 -1 -7 -8 1 -1 8 -1 -17 -19 5 -8 1 0 6 -1 0 -7 0 -5 -7 -8 -6 1 -1 0 -11 -4 3 3 -4 -1 3 -1 3 6 -1 -6 -1 -16 13 4 8 4 10 -6 1 0 5 -3 -5 3 0 -1 3 9 -6 -7 -6 -1 0 4 -2 9 2 0 4 -5 0 0 -2 -4 5 -3 10 5 5 -9 -3 1 3 -3 5 -4 -11 11 -2 -3
iter 7 layer 1
  cn  0 word 000807 | v2c   0   0   9  -1 -12  -2  -1  -4
  cn  1 word 010ae6 | v2c  -6   0   1  -6  -5   4   1   6
  cn  2 word 010acc | v2c   2   0  -1  -8   4  10  -1  -5
  cn  3 word 011037 | v2c   1   0   8  -7   2  12  -3 -10
  cn  4 word 000a59 | v2c  -1   0   0  -6  -4   4  -6  11
  cn  5 word 010b2f | v2c   9   0   7   1  -1   8  -7  -2
  cn  6 word 010ccc | v2c  10   0 -10 -15   1   2  -4  -1
  cn  7 word 000ee3 | v2c   6   0  -8 -19  -1  10   0   5
  cn  8 word 000aa0 | v2c   1   0   0   6   1  -7   1  -4
  cn  9 word 000d0c | v2c  13   0  -1  -8   6   0   4  10
  cn 10 word 010bb6 | v2c  -3   0   4  -1   1   2  -4   7
  cn 11 word 011014 | v2c   1   0  -3   2  -8   7  11   3
  cn 12 word 000ea5 | v2c  -2   0  -9   8   1  -5   0 -11
  cn 13 word 000e43 | v2c   7   0  -8  -1 -16  -4   0  -3
  cn 14 word 0112ea | v2c -11   0  -1   2  -3   5   6   3
  cn 15 word 00044d | v2c  -2   0  -1  -7   0   0  -5   3
  B 3 -2 7 -10 -2 -1 -5 3 -1 -1 8 11 6 1 13 -2 -1 10 -2 11 8 6 -1 -7 14 -2 2 -5 -2 -5 -6 3 -2 7 1 6 -11 -8 1 -1 3 -4 -9 -8 1 -1 9 0 -16 -19 6 -8 0 3 8 -1 1 -7 -1 -5 -9 -6 -6 0 -2 0 -12 -4 5 1 -4 0 2 -1 1 6 0 -9 1 -16 11 4 7 3 10 -7 1 1 8 -5 -4 4 0 -2 3 11 -6 -6 -5 -1 1 4 -3 12 1 -1 5 -5 -1 0 -2 -2 5 -4 10 6 4 -11 -3 2 3 -4 5 -6 -9 11 -1 -2
iter 7 layer 2
  cn  0 word 000e88 | v2c   1   6   0  -6   1   7   0  -9
  cn  1 word 000bbc | v2c  -2  -1   0   0   6   3  -2  11
  cn  2 word 000cb5 | v2c   7  -7   0 -16   0  10  -2   1
  cn  3 word 001786 | v2c  -8  12   0 -17  -7  -5  -3   0
  cn  4 word 0115bc | v2c  -2  -2   0   6   2   1  -6   5
  cn  5 word 010826 | v2c  -1   2   0  -8 -16   1  -5  -4
  cn  6 word 0003bc | v2c  -5  -5   0   0   0   8  -1  10
  cn  7 word 0214cd | v2c   4  -3   0   4  -2  -6   2   7
  cn  8 word 0110cd | v2c   1  -4   0   7 -11  -3   3   3
  cn  9 word 01132c | v2c  -2  -7   0   1  -5   5  -4 -12
  cn 10 word 010ba0 | v2c   8   3   0   1   5  -1  12  -3
  cn 11 word 0109d5 | v2c  11  -1   0  -7   1  -2   1   2
  cn 12 word 042ba7 | v2c  10  14   0  -5  -8   7  -6   7
  cn 13 word 001475 | v2c   2  -2   0  -5   0  11   5  -4
  cn 14 word 001448 | v2c  11   9   0  -7   0   9  -3   3
  cn 15 word 010c26 | v2c  -2   8   0  -6  -1   4  -1  -6
  B 1 -2 7 -8 -1 0 -5 2 -1 -1 9 10 6 2 11 -1 0 10 -2 9 7 6 -1 -7 12 -1 1 -5 -1 -3 -6 4 -2 7 1 6 -11 -8 1 -1 3 -4 -9 -8 1 -1 9 0 -16 -17 5 -7 0 2 6 -1 2 -6 0 -5 -7 -5 -6 -1 0 0 -10 -4 6 0 -4 -2 2 0 1 6 -1 -7 1 -15 9 3 7 3 10 -5 -1 0 8 -4 -2 4 -2 -1 3 11 -3 -5 -4 -1 0 2 -3 13 0 -2 5 -3 0 1 -2 -2 4 -3 10 5 2 -11 -4 1 3 -4 3 -5 -9 11 1 -2
iter 7 layer 3
  cn  0 word 010966 | v2c   2  -1  -8   0   1  -2  -4  11
  cn  1 word 0000ef | v2c   0   9   0   0 -14   3   0   2
  cn  2 word 010cb7 | v2c  -2  -3  -2   0  -1  -1   1  -3
  cn  3 word 0114df | v2c  10  10   4   0   1  -3   3   5
  cn  4 word 0116d4 | v2c  10   7  -4   0 -10   3  -1  -3
  cn  5 word 011c14 | v2c   4   4  -7   0  -1   9  11   8
  cn  6 word 0108b9 | v2c   1  -2  -9   0   5  10  -1   6
  cn  7 word 010c42 | v2c  12  -8   2   0   1   4  -1   3
  cn  8 word 000a6e | v2c  -1  12   0   0  -4   7   5 -11
  cn  9 word 0114d2 | v2c   3  -2  10   0  -1   4  -4  -5
  cn 10 word 0002fe | v2c  -2   1   0   0   2  10   0   1
  cn 11 word 010cd9 | v2c   7  -5  -2   0   1  -5   1   3
  cn 12 word 02111c | v2c  -9  -2   8   0   2  -3  -3  -5
  cn 13 word 0210bc | v2c  -3  -5   3   0   8   3  -4   5
  cn 14 word 01143d | v2c   3  -8   8   0   1  10  -5  -7
  cn 15 word 0215f5 | v2c  -4   3 -10   0  -6  -2  -4  -8
  B 4 -2 6 -7 -1 2 -6 3 0 -3 9 11 5 0 13 -1 -2 9 -4 9 8 5 -1 -9 12 -3 1 -4 0 -3 -7 5 -1 6 1 7 -12 -9 0 -3 3 -5 -8 -8 3 -1 11 0 -16 -17 5 -7 0 2 6 -1 2 -6 0 -5 -7 -5 -6 -1 -2 -1 -11 -4 4 2 -4 -3 2 0 0 6 -1 -8 2 -14 9 5 7 5 10 -4 -1 1 9 -4 -3 3 -2 -2 4 10 -4 -6 -5 0 2 2 -3 12 0 -2 5 -5 0 0 -1 -2 4 -4 9 5 4 -11 -6 1 2 -3 3 -6 -10 12 2 -4
iter 7 syndrome FAIL unsat_cn 22
