# pattern 0 mode 0 iters 4 warn 0
# word = {min1n[20:16], min2n[15:11], idx[10:8], sgn[7:0]}, v2c: column 0..7 (masked port = 0)
iter 0 layer 0
  cn  0 word 0116de | v2c   0 -13  -2  -3 -10   6  -1  -7
  cn  1 word 0336e8 | v2c   0  14  11  -8  11 -24  -4 -10
  cn  2 word 021622 | v2c   0 -14   8   9   6  -3   2   4
  cn  3 word 002943 | v2c   0   0  -9  -9 -10 -11   6 -12
  cn  4 word 0113a1 | v2c   0  -5  -8  -1  -4   7  -2   4
  cn  5 word 00151e | v2c   0  -3  -8  -3 -19   0   9  10
  cn  6 word 000f0c | v2c   0   5  -9  -9  11  18   1   0
  cn  7 word 000222 | v2c   0  -4   0  13   8  -1   0   7
  cn  8 word 01260d | v2c   0 -14   6   5  -5 -16  -1  -7
  cn  9 word 021af6 | v2c   0 -12  -3  12 -22  -6  -4  -7
  cn 10 word 010dcb | v2c   0   6  -3   5  -2  -1   1  13
  cn 11 word 0224be | v2c   0  -6 -11  -9  -2  -5  15  -5
  cn 12 word 00243d | v2c   0  -5  21   6   0   8  -8  -8
  cn 13 word 001b00 | v2c   0  11   7   0  10  10   5   4
  cn 14 word 010a14 | v2c   0  16  -1   3  -1  13  13  14
  cn 15 word 011cd3 | v2c   0  11 -10  -4   1 -12  13   8
  B 14 10 -13 5 6 0 14 -2 8 -9 16 -8 -10 12 15 -9 -16 -5 -4 -3 5 -4 -13 -14 5 -8 -5 11 17 10 -14 17 -9 0 5 -6 -2 -13 21 7 -2 -9 -3 14 10 -9 -7 -8 4 -3 -4 -11 11 -9 1 -3 -9 13 4 14 4 -11 6 3 -10 -3 -19 11 8 -4 -24 -1 -6 -4 10 -2 -2 -11 14 8 6 2 18 -1 -15 -8 0 -7 8 10 14 -11 7 -27 -5 -11 0 3 -6 0 17 -8 5 14 12 -3 -10 4 6 -1 9 1 4 15 7 -8 -13 6 -12 3 10 1 7 -6 -9 12 -7 -8
iter 0 layer 1
  cn  0 word 0000cb | v2c   0   0  -8   5 -19 -24   6   0
  cn  1 word 02169b | v2c  14   0  -8  12  11  -3  -2   7
  cn  2 word 0220a5 | v2c  -2   0  -9   5   8 -11   9  -7
  cn  3 word 000a67 | v2c   8   0   0  -9  -5   7   1  -7
  cn  4 word 000511 | v2c  -9   0   6   6 -22   0   0  13
  cn  5 word 000bd4 | v2c  16   0  -3   0  -2  18  -1  -5
  cn  6 word 0115f5 | v2c  -8   0  -3   3  -2  -1  -4  -8
  cn  7 word 000c2d | v2c -10   0 -11  -4   0 -16   1   4
  cn  8 word 022b28 | v2c  12   0  21  -3  10  -6  15  14
  cn  9 word 010c78 | v2c  15   0   7  -8  -1  -1  -8   8
  cn 10 word 010aa5 | v2c  -9   0  -1   9   1  -5   5  -7
  cn 11 word 063d9c | v2c  14   0 -10  -9 -10   8  13 -10
  cn 12 word 01130c | v2c  10   0  -2  -1  11  10  13   4
  cn 13 word 0116c9 | v2c -13   0  11  -3   6  13  -1 -12
  cn 14 word 031e78 | v2c   5   0   8  -9 -10 -12  -4   4
  cn 15 word 021e14 | v2c   6   0  -9  13  -4   6   2  10
  B 20 11 -14 8 8 0 12 -6 8 -9 16 -9 -10 14 16 -10 -16 -5 -4 -3 5 -4 -13 -14 5 -8 -5 11 17 10 -14 17 -11 -1 5 -6 -3 -13 23 8 -3 -15 -4 15 13 -11 -7 -6 5 -3 -9 -12 12 -15 -1 -4 -12 15 4 12 6 -11 6 4 -13 -5 -19 9 10 -4 -24 -1 -7 -3 12 -3 -1 -17 15 9 6 2 18 -3 -15 -10 -1 -8 15 11 15 -14 9 -27 -3 -13 0 3 -7 0 19 -9 6 20 13 -5 -13 7 6 1 11 1 4 17 8 -9 -19 7 -13 6 12 1 5 -8 -9 12 -7 -9
iter 0 layer 2
  cn  0 word 021e3d | v2c  14  -4   0   6  10  18  -2  -7
  cn  1 word 000bcd | v2c  10 -14   0   0  -1  -1   9  13
  cn  2 word 010ca3 | v2c -13 -12   0   3   1 -16   1  -5
  cn  3 word 001eb8 | v2c   5   6   0  -4 -10  -6   0  -8
  cn  4 word 010d6a | v2c   6  -6   0  -3  11  -1  -1   4
  cn  5 word 00186a | v2c   0  -5   0  -8   6  -5  -4  14
  cn  6 word 0136ef | v2c  14  11   0   9 -10   8   1   8
  cn  7 word 021899 | v2c  -2  16   0  -9  -4  10  15  -7
  cn  8 word 0133d8 | v2c   8  11   0  -1 -19  13  -8 -10
  cn  9 word 021b2b | v2c  -9 -13   0  -3  11 -12   5   4
  cn 10 word 053588 | v2c  16  14   0  -9   8   6  13 -12
  cn 11 word 032733 | v2c  -8 -14   0  13  -5 -24  13   4
  cn 12 word 000971 | v2c -10   0   0   5 -22  -3  -1  10
  cn 13 word 001772 | v2c  12  -5   0  12  -2 -11  -4   0
  cn 14 word 021412 | v2c  15  -3   0   5  -2   7   2   7
  cn 15 word 000476 | v2c  -9   5   0  -9   0   0   6  -7
  B 18 11 -15 8 9 3 11 -9 9 -11 21 -12 -10 14 18 -10 -19 -4 -4 -5 5 -2 -13 -15 5 -9 -5 10 19 11 -16 22 -11 -1 5 -6 -3 -13 23 8 -3 -15 -4 15 13 -11 -7 -6 6 -3 -10 -12 11 -17 -7 -7 -17 18 4 12 8 -11 4 3 -12 -7 -20 11 15 -7 -24 -1 -9 -3 10 -3 0 -17 16 9 8 2 16 -3 -16 -10 -2 -8 14 13 16 -16 15 -30 -3 -13 3 2 -7 -6 21 -10 8 25 16 -5 -13 9 6 4 11 2 5 17 7 -11 -20 9 -18 10 12 3 7 -8 -7 12 -8 -9
iter 0 layer 3
  cn  0 word 021847 | v2c  -2 -14 -11   0  11  13  -4  13
  cn  1 word 0009a0 | v2c   8   0  21   0   6 -12   1  -5
  cn  2 word 042993 | v2c  -9  -5   7   0 -10   6  15  -8
  cn  3 word 011289 | v2c  16  -3  -1   0  -4 -24  -8   4
  cn  4 word 022535 | v2c  -8   5 -10   0 -19  -3   5  14
  cn  5 word 021a27 | v2c -10  -4  -2   0  11 -11  13   8
  cn  6 word 052d82 | v2c  12 -14  11   0   8   7  13  -7
  cn  7 word 000dd2 | v2c  15 -12   8   0  -5   0  -1 -10
  cn  8 word 031e55 | v2c  -9   6  -9   0 -22  18  -4   4
  cn  9 word 011549 | v2c  14  -6  -8   0  -2  -1   2 -12
  cn 10 word 021c36 | v2c  10  -5  -8   0  -2 -16   6   4
  cn 11 word 001465 | v2c -13  11  -9   0   0  -6  -2  10
  cn 12 word 0002df | v2c   5  16   0   0  10  -1   9   0
  cn 13 word 010c30 | v2c   6  11   6   0  -1  -5   1   7
  cn 14 word 000079 | v2c   0 -13  -3   0   1   8   0  -7
  cn 15 word 0116d4 | v2c  14  14  -3   0 -10  10  -1  -7
  B 17 13 -15 8 10 3 12 -12 9 -15 20 -14 -12 19 18 -13 -21 -3 -9 -4 7 -4 -18 -15 8 -8 -7 10 19 12 -16 23 -11 -1 6 -6 -4 -15 23 12 -1 -17 -7 20 13 -14 -6 -8 6 -3 -10 -12 11 -17 -7 -7 -17 18 4 12 8 -11 4 3 -16 -6 -22 13 20 -7 -27 0 -12 -1 10 -4 0 -18 18 9 13 3 19 -1 -18 -10 -2 -9 14 14 18 -16 19 -29 -7 -15 3 0 -9 -6 25 -9 10 27 21 -5 -16 8 8 4 11 3 4 19 9 -16 -20 12 -17 12 12 3 8 -8 -8 14 -8 -13
iter 0 syndrome FAIL unsat_cn 11
iter 1 layer 0
  cn  0 word 022ede | v2c   0 -15  -6  -9 -17  18  -3 -15
  cn  1 word 0743e8 | v2c   0  20  17  -9  15 -26 -10 -17
  cn  2 word 042d22 | v2c   0 -19  11   9   7  -5   6  10
  cn  3 word 023143 | v2c   0   2 -14 -17 -16 -15   8 -17
  cn  4 word 022e1e | v2c   0 -10  -7  -9  -7  14   3  13
  cn  5 word 011d1e | v2c   0  -4  -8  -7 -22   1  11  12
  cn  6 word 02170c | v2c   0   7 -11 -17  13  19   3   2
  cn  7 word 010ad9 | v2c   0  -4  -1  18  20  -1   3   8
  cn  8 word 03260d | v2c   0 -19   7   5  -8 -19  -4  -9
  cn  9 word 022af6 | v2c   0 -13  -3  10 -25  -8  -7  -6
  cn 10 word 011474 | v2c   0   9  -5   9  -1  -3  -5  15
  cn 11 word 0529be | v2c   0  -6 -13  -9  -8  -7  23  -6
  cn 12 word 021c3d | v2c   0  -7  23   4   3  14  -9 -13
  cn 13 word 001b00 | v2c   0  10  12   0  10  14  10   4
  cn 14 word 0012ef | v2c   0  18   0   5  -3  17  26  18
  cn 15 word 021cd3 | v2c   0  13 -18  -4   3 -17  22  10
  B 17 13 -15 8 10 3 12 -12 9 -15 20 -14 -12 19 18 -13 -23 -4 -12 -5 9 -3 -16 -15 10 -11 -5 10 18 11 -17 27 -13 0 4 -8 -6 -18 21 12 -2 -16 -8 24 15 -12 -9 -9 5 -2 -11 -17 13 -15 -11 -8 -19 17 2 12 10 -14 2 3 -14 -9 -23 15 19 -5 -27 -3 -13 0 10 -3 0 -19 22 11 16 4 21 0 -16 -10 -4 -12 12 14 17 -15 20 -33 -10 -13 2 0 -9 -6 28 -7 10 26 20 -8 -17 10 6 8 12 5 4 18 8 -17 -24 14 -15 15 13 4 7 -6 -8 16 -11 -11
iter 1 layer 1
  cn  0 word 0210cb | v2c   3   0  -6   4 -22 -29   8   3
  cn  1 word 023e24 | v2c  14   0 -10  14  15  -9   2  10
  cn  2 word 052ba5 | v2c  -8   0  -9   6  18 -13   9  -6
  cn  3 word 001267 | v2c   9   0   0 -11  -7  13   3  -8
  cn  4 word 021511 | v2c -15   0   6   4 -27   3   3  14
  cn  5 word 000484 | v2c  20   0  -6   2   0  19   0  -8
  cn  6 word 01152a | v2c -13   0  -3   5 -11   1  -8 -12
  cn  7 word 02147d | v2c -12   0 -15  -3  -2 -18  -6   4
  cn  8 word 043328 | v2c  17   0  21  -5   8  -8  23  17
  cn  9 word 011578 | v2c  17   0  11 -11  -3  -1  -8   8
  cn 10 word 000ab1 | v2c -12   0   0  10  -1  -8   9 -15
  cn 11 word 05459c | v2c  11   0 -11 -11 -12   7  21 -14
  cn 12 word 042b0c | v2c  12   0  -6  -5  17  13  20  11
  cn 13 word 022ec9 | v2c -14   0  19  -6   8  17  -3 -16
  cn 14 word 043878 | v2c   5   0  10 -14 -13 -13 -13   9
  cn 15 word 032414 | v2c   8   0 -12  16  -4  17   5  10
  B 16 16 -16 12 11 1 16 -13 9 -17 20 -12 -14 21 18 -12 -23 -4 -12 -5 9 -3 -16 -15 10 -11 -5 10 18 11 -17 27 -16 -1 6 -8 -4 -20 23 12 0 -15 -11 25 16 -13 -7 -13 3 -4 -12 -17 12 -14 -14 -9 -20 18 0 16 13 -14 4 2 -15 -11 -21 19 22 -5 -29 -3 -11 -3 12 -3 -1 -18 25 12 16 6 21 0 -18 -12 -5 -11 13 17 18 -16 21 -31 -14 -16 4 0 -7 -8 30 -7 9 25 23 -11 -18 10 4 13 15 5 6 20 8 -16 -23 17 -16 16 14 2 11 -9 -8 18 -11 -9
iter 1 layer 2
  cn  0 word 012e82 | v2c  19  -6   0   6  12  21   1 -10
  cn  1 word 011dcd | v2c  13 -18   0   4  -4  -1  11  14
  cn  2 word 01144c | v2c -14 -14   0   5  -1 -17   2  -7
  cn  3 word 0016b8 | v2c   8   8   0  -3 -18 -10   0 -13
  cn  4 word 010dd5 | v2c   9  -7   0  -9  17  -1   1   3
  cn  5 word 00286a | v2c   0  -7   0 -12   9  -9  -9  19
  cn  6 word 0046ef | v2c  13  11   0  12 -17  15   0  10
  cn  7 word 033c99 | v2c  -9  17   0 -15  -4  12  23 -14
  cn  8 word 0133d8 | v2c   8  11   0  -1 -21  17  -8 -19
  cn  9 word 03332b | v2c -13 -14   0  -4  11 -14   8  10
  cn 10 word 094b88 | v2c  15  18   0 -12  15  13  22 -12
  cn 11 word 033433 | v2c -11 -18   0  15  -4 -26  18   8
  cn 12 word 03198c | v2c -12  -4   0   4 -27  -7  -5  12
  cn 13 word 000c9d | v2c  19  -9   0  12   0 -15 -16   1
  cn 14 word 022912 | v2c  16  -2   0   6 -10  11   6   6
  cn 15 word 011499 | v2c -13   7   0 -11  -1   3   8  -8
  B 19 15 -14 12 9 3 17 -13 9 -18 24 -12 -11 21 18 -13 -23 -2 -12 -8 10 -6 -15 -13 10 -9 -5 11 19 11 -18 31 -16 -1 6 -8 -4 -20 23 12 0 -15 -11 25 16 -13 -7 -13 1 -4 -10 -17 13 -15 -14 -12 -24 18 -3 16 13 -15 7 2 -16 -16 -21 20 26 -8 -26 -4 -11 -5 15 -2 0 -18 23 12 16 7 24 3 -16 -12 -3 -11 14 18 18 -17 24 -31 -11 -16 3 0 -7 -10 31 -7 10 29 23 -8 -18 10 5 15 14 3 4 20 9 -17 -23 18 -20 15 11 0 11 -10 -11 17 -9 -9
iter 1 layer 3
  cn  0 word 053e47 | v2c  -9 -19 -13   0  16  16  -7  12
  cn  1 word 0329e2 | v2c   9  -4  23   0   9 -16  -6  -8
  cn  2 word 033193 | v2c -11  -4   8   0 -12  15  21  -9
  cn  3 word 022289 | v2c  21  -5  -3   0  -7 -30 -10   5
  cn  4 word 022535 | v2c -12   5 -15   0 -20  -3   8  17
  cn  5 word 021927 | v2c -10  -2  -4   0  11 -13  25   7
  cn  6 word 064582 | v2c  14 -13  15   0  15   8  16 -11
  cn  7 word 0225d2 | v2c  18 -15  13   0  -7   2  -5 -20
  cn  8 word 043955 | v2c -10   5 -11   0 -24  16 -13   9
  cn  9 word 011449 | v2c  18  -9  -7   0  -1  -3   9 -18
  cn 10 word 042936 | v2c  11  -5  -6   0  -9 -16   6  10
  cn 11 word 021c35 | v2c -15  10 -11   0  -3 -10   4  12
  cn 12 word 011224 | v2c   8  19  -1   0  10  -2  11   3
  cn 13 word 021630 | v2c   9  11   5   0  -3  -8   2   7
  cn 14 word 001479 | v2c   3 -16  -6   0   0  14   3  -8
  cn 15 word 02166b | v2c  11  22  -3   0 -17  13   2  -7
  B 19 17 -16 13 10 3 14 -15 12 -17 23 -12 -11 22 20 -14 -26 -8 -13 -7 10 -7 -16 -15 14 -9 -8 13 20 12 -18 28 -18 -3 7 -8 -1 -23 26 11 2 -15 -10 26 18 -14 -7 -15 1 -4 -10 -17 13 -15 -14 -12 -24 18 -3 16 13 -15 7 2 -15 -15 -21 20 27 -10 -27 -3 -12 -10 16 -3 -2 -15 26 15 19 10 25 2 -18 -14 -4 -12 14 15 21 -20 23 -30 -11 -16 3 0 -12 -13 30 -6 10 29 24 -10 -19 10 7 17 15 4 3 20 9 -18 -25 19 -20 17 13 1 12 -10 -8 20 -12 -8
iter 1 syndrome FAIL unsat_cn 7
iter 2 layer 0
  cn  0 word 0436de | v2c   0 -16  -8  -8 -13  21  -5 -16
  cn  1 word 074be8 | v2c   0  21  19  -9  19 -23 -12 -18
  cn  2 word 052d22 | v2c   0 -22  14   9  11  -6   6  15
  cn  3 word 0239be | v2c   0  -2 -16 -17 -17 -18   9 -22
  cn  4 word 04421e | v2c   0 -11  -5 -12 -13  17  12  15
  cn  5 word 05291e | v2c   0  -6 -14 -11 -20   7  14  12
  cn  6 word 011773 | v2c   0   8 -16 -22  18  23   2  -1
  cn  7 word 011d06 | v2c   0  -8  -4  19  28   1   4  13
  cn  8 word 001b0d | v2c   0 -19  10   0 -13 -21  -4 -13
  cn  9 word 022af6 | v2c   0 -13  -3  14 -25 -12 -10  -6
  cn 10 word 000a8f | v2c   0  13   0  12  -1  -3 -12  19
  cn 11 word 0329be | v2c   0  -4 -18 -10  -7  -7  25  -7
  cn 12 word 0534d2 | v2c   0 -10  28   9  -7  16  -8 -10
  cn 13 word 0113f7 | v2c   0  13  11  -1  16  15  10   3
  cn 14 word 0113ef | v2c   0  20   4   1  -3  21  29  20
  cn 15 word 012cd3 | v2c   0  14 -17  -6   1 -22  26  11
  B 19 17 -16 13 10 3 14 -15 12 -17 23 -12 -11 22 20 -14 -27 -9 -15 -11 7 -9 -19 -15 13 -9 -15 12 19 13 -20 28 -15 -5 10 -8 -1 -21 33 10 3 -16 -12 26 19 -18 -13 -19 -1 -5 -12 -18 14 -19 -16 -16 -21 20 -3 16 12 -13 14 1 -19 -17 -25 17 29 -13 -27 -1 -10 -13 15 -2 -4 -17 26 16 21 12 22 4 -21 -14 -3 -10 21 14 20 -21 25 -30 -11 -20 5 -4 -12 -12 28 -13 9 28 25 -11 -19 11 11 16 19 1 2 19 10 -20 -25 20 -24 19 17 1 14 -13 -8 19 -10 -15
iter 2 layer 1
  cn  0 word 01133c | v2c   5   0  -9  -1 -23 -31   9   3
  cn  1 word 074524 | v2c  12   0 -13  14  18  -9  10  10
  cn  2 word 0437a5 | v2c -10   0 -13   8  22 -11  10  -5
  cn  3 word 011a9c | v2c  12   0  -1 -15 -10  19   4  -8
  cn  4 word 012611 | v2c -15   0   5   5 -25   8   1  18
  cn  5 word 00166b | v2c  23   0  -8   2  -3  25   0 -12
  cn  6 word 02122a | v2c -13   0  -2   2 -13   4 -13  -9
  cn  7 word 01177d | v2c  -9   0 -21  -2  -8 -16 -11   1
  cn  8 word 034328 | v2c  18   0  22  -4  12 -10  26  16
  cn  9 word 021478 | v2c  19   0  10 -16  -2  -2  -5   8
  cn 10 word 0112b1 | v2c -14   0   1  13  -2 -12  10 -18
  cn 11 word 05459c | v2c  14   0 -10 -10 -10   6  24 -20
  cn 12 word 053a0c | v2c  13   0  -6  -9  22  11  20  15
  cn 13 word 0446c9 | v2c -14   0  24 -10  13  19  -5 -18
  cn 14 word 054078 | v2c   6   0  14 -20 -11 -16 -15  13
  cn 15 word 052814 | v2c   7   0 -11  15 -11  20   7  10
  B 19 18 -18 14 12 6 19 -14 13 -16 23 -11 -10 21 21 -15 -27 -9 -15 -11 7 -9 -19 -15 13 -9 -15 12 19 13 -20 28 -14 -6 9 -8 0 -20 32 11 4 -16 -15 28 20 -20 -16 -24 -2 -4 -14 -19 15 -19 -16 -18 -22 22 -3 21 11 -14 13 1 -20 -18 -28 22 28 -14 -26 -1 -9 -12 14 -3 -5 -17 27 18 22 11 22 4 -20 -13 -3 -11 21 15 22 -22 27 -33 -17 -19 7 -6 -11 -11 27 -14 10 28 26 -14 -20 13 14 16 18 2 2 18 11 -21 -25 21 -26 20 19 4 19 -14 -9 18 -10 -14
iter 2 layer 2
  cn  0 word 052982 | v2c  18  -6   0   6  15  24  12  -7
  cn  1 word 0115cd | v2c  18 -17   0   3  -4  -1  16  21
  cn  2 word 021b4c | v2c -17 -16   0   2  -4 -19   5 -13
  cn  3 word 011eb8 | v2c  13  14   0  -4 -15 -14   1  -8
  cn  4 word 011ed5 | v2c  11 -10   0 -11  27  -5   1   4
  cn  5 word 023094 | v2c  -2  -8   0 -17  15 -12 -12  20
  cn  6 word 043e50 | v2c  14  13   0  13 -15  14  -5   9
  cn  7 word 064c99 | v2c -12  17   0 -12  -8  12  27 -15
  cn  8 word 0436d8 | v2c  11  11   0  -8 -20  20  -5 -24
  cn  9 word 052b2b | v2c -14 -15   0  -6  17 -17   7  16
  cn 10 word 085f88 | v2c  14  19   0 -15  18  14  20 -11
  cn 11 word 033c33 | v2c  -9 -23   0  15  -4 -27  21  14
  cn 12 word 00438c | v2c -14 -11   0   0 -30 -14 -13  16
  cn 13 word 011772 | v2c  22 -13   0  16  -2 -16 -19   1
  cn 14 word 023112 | v2c  18  -2   0  11 -10  17   8  10
  cn 15 word 053699 | v2c -13   9   0 -14  -8   9   6  -9
  B 23 18 -17 15 12 7 23 -17 16 -18 22 -11 -13 22 21 -19 -27 -12 -16 -12 11 -13 -19 -14 14 -9 -13 16 22 16 -22 27 -14 -6 9 -8 0 -20 32 11 4 -16 -15 28 20 -20 -16 -24 -4 -5 -14 -17 19 -22 -14 -17 -21 22 -8 22 11 -18 17 1 -24 -20 -31 24 27 -15 -29 -1 -9 -15 18 -3 -5 -18 27 16 22 15 26 3 -19 -14 -3 -9 25 18 25 -24 26 -33 -20 -20 8 -8 -9 -10 30 -19 12 27 26 -17 -21 13 19 16 18 1 2 16 15 -24 -28 23 -28 20 22 6 19 -18 -13 18 -9 -15
iter 2 layer 3
  cn  0 word 044647 | v2c -10 -21 -18   0  21  16  -5  15
  cn  1 word 0239e2 | v2c   9  -3  23   0  12 -17 -10  -9
  cn  2 word 042f93 | v2c -14  -7   8   0 -12  20  27  -5
  cn  3 word 022289 | v2c  25  -9  -2   0 -17 -31  -8   5
  cn  4 word 053535 | v2c -10   8 -13   0 -19  -7   8  18
  cn  5 word 032927 | v2c  -9  -4  -8   0  18 -14  27   7
  cn  6 word 084182 | v2c  16 -10  20   0  21  11  18 -12
  cn  7 word 0535d2 | v2c  18 -13  16   0  -8   6  -8 -23
  cn  8 word 054155 | v2c -10   7 -10   0 -23  21 -15  15
  cn  9 word 012596 | v2c  20 -10  -8   0  -5   1  11 -21
  cn 10 word 021136 | v2c  13  -3 -11   0  -8 -14   3  13
  cn 11 word 054435 | v2c -14  11 -16   0  -7 -12  15  11
  cn 12 word 000f24 | v2c  12  19  -1   0  15  -3  14   0
  cn 13 word 011430 | v2c   8  10   5   0  -1 -10   2  10
  cn 14 word 001479 | v2c   3 -18  -8   0   0  14   3 -10
  cn 15 word 02166b | v2c  16  30  -3   0 -17  17   2 -10
  B 25 16 -20 14 11 7 23 -16 15 -19 22 -14 -14 24 24 -20 -26 -14 -14 -12 14 -15 -21 -17 15 -11 -10 19 21 15 -22 27 -17 -4 8 -8 0 -19 31 12 4 -19 -16 30 23 -21 -18 -22 -4 -5 -14 -17 19 -22 -14 -17 -21 22 -8 22 11 -18 17 1 -25 -20 -34 25 29 -18 -30 -4 -7 -20 17 -3 -5 -18 26 15 22 17 27 6 -17 -17 -2 -8 25 18 24 -23 27 -33 -22 -21 8 -8 -10 -9 31 -19 15 28 28 -20 -22 15 17 19 17 0 2 19 16 -26 -31 24 -30 18 25 6 18 -18 -13 17 -8 -17
iter 2 syndrome FAIL unsat_cn 3
iter 3 layer 0
  cn  0 word 084bde | v2c   0 -18 -12 -10 -14  23 -14 -22
  cn  1 word 065be8 | v2c   0  20  23  -8  19 -26 -15 -24
  cn  2 word 084422 | v2c   0 -21  18  14  10 -17  10  19
  cn  3 word 0559be | v2c   0  -7 -19 -20 -23 -19  15 -28
  cn  4 word 08411e | v2c   0 -10 -10 -10 -16  18  15  14
  cn  5 word 05491e | v2c   0  -7 -17 -12 -29  12  12  20
  cn  6 word 011e0c | v2c   0  15 -18 -22  26  28   1   4
  cn  7 word 021206 | v2c   0 -14  -3  21  28   3   7  17
  cn  8 word 0433fa | v2c   0 -21   8  -5 -18 -17  -8 -18
  cn  9 word 0232f6 | v2c   0 -15  -3  20 -28 -15  -8 -11
  cn 10 word 01128f | v2c   0  15   1  11  -4  -2  -9  17
  cn 11 word 0324be | v2c   0  -6 -16 -15  -4  -5  28  -5
  cn 12 word 0449d2 | v2c   0  -5  26  12 -14  20 -14 -12
  cn 13 word 0113f7 | v2c   0  20  13  -1  18  19  16   3
  cn 14 word 021b18 | v2c   0  22   5  -2  -4  25  29  20
  cn 15 word 002cd3 | v2c   0  16 -20  -6   0 -24  29  17
  B 25 16 -20 14 11 7 23 -16 15 -19 22 -14 -14 24 24 -20 -29 -18 -18 -16 16 -16 -25 -17 14 -9 -14 19 24 16 -26 26 -19 -5 12 -9 -1 -19 30 12 7 -20 -20 29 26 -24 -18 -22 -5 -6 -19 -19 22 -25 -18 -17 -23 23 -11 22 10 -18 16 1 -28 -24 -34 27 30 -22 -30 -3 -8 -18 17 -6 -5 -22 25 18 26 17 29 5 -21 -17 -1 -8 24 18 27 -24 31 -32 -25 -24 9 -12 -10 -8 31 -18 15 31 29 -22 -21 18 20 23 17 4 2 22 17 -30 -30 27 -33 22 25 5 19 -22 -13 16 -8 -16
iter 3 layer 1
  cn  0 word 042f3c | v2c   6   0 -17  -6 -31 -31  16   5
  cn  1 word 084f24 | v2c  16   0 -15  15  18 -14  12  11
  cn  2 word 054ba5 | v2c -12   0 -13   7  25 -17  13 -12
  cn  3 word 010a23 | v2c  14   0  -1 -17 -17  21  -1 -12
  cn  4 word 032e11 | v2c -18   0   7  16 -29  16   4  16
  cn  5 word 011bd4 | v2c  22   0  -8   1  -4  27  -6  -8
  cn  6 word 0212dd | v2c -16   0  -2  -2  -9   8 -12 -19
  cn  7 word 001f7d | v2c -13   0 -18  -4 -19 -16  -8   0
  cn  8 word 055b28 | v2c  21   0  28  -6  14 -14  28  16
  cn  9 word 000da7 | v2c  22   0  10 -15  -1   0 -17  14
  cn 10 word 021ab1 | v2c -19   0   2  18  -4  -7  14 -25
  cn 11 word 0a5c9c | v2c  20   0 -14 -17 -13  17  23 -26
  cn 12 word 073a0c | v2c  11   0  -9  -9  21  13  23  19
  cn 13 word 084cc9 | v2c -16   0  26 -13  11  20 -12 -26
  cn 14 word 055078 | v2c   6   0  18 -16 -20 -18 -17  13
  cn 15 word 054014 | v2c   6   0 -16  17 -15  22  10  20
  B 30 18 -24 16 14 10 24 -17 13 -21 23 -18 -13 26 22 -21 -29 -18 -18 -16 16 -16 -25 -17 14 -9 -14 19 24 16 -26 26 -20 -1 14 -10 -5 -18 32 10 8 -25 -20 33 26 -24 -21 -23 -5 -5 -22 -17 23 -30 -20 -21 -23 23 -13 23 15 -16 18 4 -28 -24 -37 28 31 -20 -32 -4 -12 -17 19 -4 -6 -28 27 23 24 19 30 9 -20 -19 0 -9 26 20 31 -24 31 -35 -25 -25 10 -11 -14 -7 33 -16 16 36 31 -22 -21 18 23 24 18 4 3 24 15 -31 -35 29 -37 22 25 9 21 -21 -11 18 -9 -20
iter 3 layer 2
  cn  0 word 064782 | v2c  20 -10   0  12  12  22  14  -8
  cn  1 word 021b12 | v2c  17 -22   0   2  -4   4  18  18
  cn  2 word 0113bb | v2c -22 -19   0  -1  -7 -19   2 -10
  cn  3 word 0323b8 | v2c  13  14   0  -4 -17 -16   5 -16
  cn  4 word 02156a | v2c  12 -12   0 -15  27  -3  -5   3
  cn  5 word 01406a | v2c   1 -12   0 -19  17 -10 -12  21
  cn  6 word 024e50 | v2c  19  15   0  15 -21  21  -2  12
  cn  7 word 084099 | v2c -10  15   0 -16 -11  12  25 -20
  cn  8 word 0843d8 | v2c  11  11   0 -10 -30  20 -13 -27
  cn  9 word 084e2b | v2c -14 -17   0 -12  20 -18  10  19
  cn 10 word 0a5b88 | v2c  14  19   0 -13  21  19  20 -19
  cn 11 word 084033 | v2c -11 -23   0  19 -11 -30  25  15
  cn 12 word 005b8c | v2c -14 -14   0   0 -30 -22 -20  25
  cn 13 word 021c72 | v2c  23 -13   0  21  -3 -20 -21   4
  cn 14 word 042c12 | v2c  22  -6   0   9  -5  20  13  16
  cn 15 word 074199 | v2c -15   9   0 -13 -15  12  11 -13
  B 31 21 -27 18 17 12 22 -19 17 -24 25 -23 -13 27 24 -23 -34 -18 -19 -14 19 -17 -28 -20 16 -12 -17 17 26 20 -29 28 -20 -1 14 -10 -5 -18 32 10 8 -25 -20 33 26 -24 -21 -23 -4 -8 -25 -20 21 -32 -24 -24 -26 28 -16 24 17 -18 19 8 -26 -23 -41 31 33 -21 -32 -6 -15 -19 20 -7 -9 -30 30 26 26 21 31 9 -23 -21 -3 -12 24 22 35 -27 33 -40 -25 -26 10 -10 -17 -9 35 -18 20 38 36 -22 -22 20 24 25 21 7 6 27 13 -33 -39 32 -36 27 25 9 23 -23 -14 21 -12 -22
iter 3 layer 3
  cn  0 word 024e47 | v2c -12 -22 -15   0  22  20  -2  13
  cn  1 word 052fe2 | v2c  13  -7  29   0  13 -21  -7  -6
  cn  2 word 064293 | v2c -15 -10   8   0 -21  23  27 -12
  cn  3 word 001a72 | v2c  24 -14   0   0 -22 -31 -21   4
  cn  4 word 073835 | v2c  -9   9 -14   0 -29 -16  10  14
  cn  5 word 084127 | v2c -11 -10 -13   0  22 -18  25  13
  cn  6 word 0a5982 | v2c  16 -13  22   0  21  14  20 -18
  cn  7 word 084dd2 | v2c  19 -12  18   0 -13  11 -15 -26
  cn  8 word 055955 | v2c -15   7 -16   0 -25  22 -17  19
  cn  9 word 021596 | v2c  24 -10 -17   0  -3   2  14 -29
  cn 10 word 043436 | v2c  14  -8 -20   0  -5 -15  15  16
  cn 11 word 094a35 | v2c -15  14 -12   0 -12 -12  14  20
  cn 12 word 021d24 | v2c  14  21  -4   0  17  -2  17   5
  cn 13 word 010c8f | v2c  10  14   7   0  -1  -7  -1  17
  cn 14 word 022c96 | v2c   7 -22  -8   0  -3  25   8 -18
  cn 15 word 022ad4 | v2c  25  29  -2   0 -20  20  -6 -15
  B 32 23 -31 20 15 14 26 -17 20 -26 27 -25 -18 29 27 -23 -32 -16 -21 -16 21 -20 -31 -23 19 -13 -19 21 28 18 -31 32 -24 -3 12 -12 -12 -16 35 14 7 -27 -25 35 29 -24 -22 -25 -4 -8 -25 -20 21 -32 -24 -24 -26 28 -16 24 17 -18 19 8 -28 -25 -43 36 35 -24 -32 -7 -19 -20 22 -4 -12 -34 28 29 28 24 31 7 -25 -25 -6 -10 26 26 33 -30 35 -42 -26 -31 12 -10 -18 -12 37 -20 22 43 38 -25 -22 21 26 29 23 7 8 29 18 -35 -42 32 -37 29 29 10 21 -25 -18 19 -15 -23
iter 3 syndrome PASS unsat_cn 0
